200
5.966708684327381 10.15519873173625
13.405213280245771 11.04849053798246
7.312834718542554 3.082243544941953
11.214774923063386 11.044168518909954
4.78434477480358 4.267020159750153
14.603803749923358 15.657699728065307
3.499480949055918 4.734236728121103
20.453583477027205 12.734679162941152
3.65327885726448 2.2475289365961473
11.554279471548131 14.849015863193422
4.564811278902106 0.9927922093359743
17.669132596854183 18.52561636837918
3.6024121642450235 3.442912509154933
10.462650602968425 17.615866815013273
1.8138609930553748 3.7942910269166235
11.346306123574045 14.070578754768132
7.087512846775194 4.6522995727097705
10.431586543273681 16.308110471182246
1.5056609468618145 1.7175583753635082
15.953523563249046 16.973184014089565
8.867416872815326 1.8213592619178196
13.068580590165324 13.366106756548897
5.666889787997182 3.462243420739811
14.539542334389452 10.392447111202033
4.925656387387685 5.655692462673147
12.720946750764575 14.953470252392297
6.276334814689183 4.4828343373359125
12.69711744325496 11.107213812710217
8.752813153709681 2.2647073923171996
13.701764575619348 13.942457152152489
2.444178738275025 1.7650481619746339
11.678884016258333 13.876880731881386
5.518178694469361 7.201976599934461
12.804366962508873 14.71996480448999
2.4254633428915993 4.472193143090318
11.69879589621695 14.511639582745378
0.5819461576275249 4.062040522759593
14.436751520092077 13.429034414960974
2.741513779904672 3.4968963605395262
15.5347570964995 12.690558729036717
2.8771480293547453 9.334445259684276
11.714287345704872 13.585337853192547
4.252716561962041 2.213349908464031
16.63778764329303 13.879482938595725
4.5521817242678635 6.303948646639588
11.368195100960143 18.432175459645585
1.1025658520010482 0.6513933186613801
11.034932699475402 10.870737871852361
3.3325163643573035 1.1180350655023028
16.814133376421985 13.88281184603445
1.410312310846996 3.013801329033466
14.937924701387132 10.392060408718894
3.518052694914736 4.54713242713666
11.800157102253904 12.12022196979849
4.173907257826475 1.8937554679906892
11.770017082636052 10.913473181745013
5.774631281222406 3.17513903577124
10.709535393205673 12.815408690635346
6.284745030399465 4.1997041129863115
13.002151812293471 11.320702453587407
0.96105499954632 3.84680461016831
13.093514694223352 11.39415482679675
2.965705090318987 3.2179388829583777
15.99397569826341 10.296384277041481
5.077092404474597 2.0926659386123707
12.635221466405193 15.298213192464544
1.7765623876443906 1.9041737508819114
17.998096904688303 12.683811544678843
0.6582161651404934 3.410262608710515
11.76664685502571 14.679339673723458
3.48024379113353 7.042501083965069
17.94669326718521 13.426491008713871
1.0046933388287917 2.2620990639858753
12.468783457054345 18.68542667069955
5.3548818722832525 1.9847141628549005
10.471134163214778 12.14960724871673
4.336673481297944 3.767672861011934
15.541245447927167 10.150407147325978
2.911864181641392 4.185515698870168
10.577036381438994 12.112652424238837
3.639531640032728 1.1415922382017054
12.556223653258645 20.021081346794993
2.081169291923464 5.289919774165935
15.075151702580511 11.81995403019458
4.0239591240050006 9.50861919893316
15.21747470989457 14.618463885527696
5.471931049581662 2.5122842459542127
11.45201300798 18.86211597659385
6.606653042031615 3.208195254749583
12.888553431464068 13.666380189559067
4.612687869912072 2.0699527508547635
14.337715126249392 11.717144625836207
3.6435562965802846 2.46097320947929
15.85241468150383 11.422820678555404
2.659497864770498 4.885853367432905
12.061332754363171 12.323421618750757
2.8835418213335684 5.6846259044838074
14.796889176992124 10.614197806590095
4.294395761468511 2.9027457015121874
17.771752088408427 12.661495163429196
10.211414002930184 5.10835874344144
16.387358018007063 18.503872262505055
3.605436129921685 6.046378799356831
13.86208536805145 14.757248883551812
4.967447892653469 2.229965024667745
13.786743310035279 13.063324443393643
4.069825686307987 3.588451052471011
11.379750699712204 17.41257396236677
2.596094481365168 1.0272573167902102
14.724194867777054 12.176152941854609
5.921454119950054 2.691731459384002
10.950444024937756 11.437869627168203
3.953752801691433 0.6954626727270576
17.367201872976768 19.026761450195885
6.033797531262964 4.560717148126717
12.70687868939622 13.507698086263371
1.4026350303911994 1.4061078765555046
12.594129429196087 14.039062095468875
6.495474442027751 2.043924868556145
19.095324440350833 13.602916122322688
2.1195705021866553 1.228053349216762
12.486218914501292 14.316253586493367
3.2854136367600484 3.798580414920374
11.203336280911056 13.324428046454258
4.534862918321476 3.666217225047565
14.349906331495692 13.545948295033877
2.6341434370409926 3.560058750572086
13.06465061238901 11.406893108167026
4.864057533923318 2.811799293102787
12.262704883014816 12.268486341804117
4.500261291421027 9.412814505037204
13.659854334943171 12.463621453660984
3.4085723877426046 0.8369462058612833
13.408413773218912 12.549420947697092
2.3162953551627847 6.173328182984632
10.984221222170204 13.019935046068987
5.682274356182093 2.4944135680181563
13.591418638173412 19.072523503334956
2.926674378507148 5.002607573088329
13.870216342607858 12.026991094339937
4.9343412745652895 2.6347110136277307
18.67522944140271 13.77755635111838
1.735659537883405 1.8029770920691086
12.319061254673851 12.02239148687924
3.596638998651232 3.03665759711413
15.768621999105795 14.886461141719412
3.794272352027676 5.5907953617616055
12.228542234803578 19.478298484101817
7.538859000629705 1.7369873719950357
13.74052695292405 12.699024336010918
4.731535130750516 5.060141594595487
16.12151012395095 23.193718771591485
3.3363509115282213 5.789156714959663
13.982441384839976 10.847822026662074
1.8119047360793772 2.442569075996675
10.780944541625399 10.352133899830513
3.186139835358815 4.057983707987285
14.729933608724672 12.801643415397704
0.36249157483093575 3.256727999764487
12.864283703819043 15.50707281979757
2.3808778441561254 7.022340494376123
12.639376849204314 14.45383976470427
2.5921321863466216 2.249025247148269
12.62459430464586 12.065543913521427
1.3480640359705252 1.4622296387934908
10.580581152540686 12.941045411247753
0.41193235692273633 3.9825012071609285
13.173172515303776 11.130517560404103
12.54137287190912 5.550847206416602
11.827931634427852 12.82291957533209
1.320208125512062 5.603258075678042
10.948657909919 10.879477042099778
1.9840111503472952 2.990666995405853
17.76720969454222 13.283132354569764
4.469214768161879 5.105010228546692
11.191525206770221 19.904226939296606
3.754941246687539 4.5629654464485565
12.047350687811928 17.48687945073958
2.898263156793548 7.565336211120456
16.467085029253354 12.033852930930085
7.692149642517005 2.0859644190839166
10.666519983865767 15.220076262439605
4.6170161794592275 3.516020858082638
21.960523203065716 15.38818423203765
4.438464173303554 1.8171683997044918
11.42453302235599 12.115689113985116
1.0844074384119977 2.030462019448194
13.66578570538216 14.747153011344459
4.272979082159942 3.559677293360509
11.060810839343699 16.426253570869243
3.682658058640596 1.146787067623944
11.896128688094898 22.525989553314112
1.3791892610325764 2.8796270062411677
16.69268731235041 16.152577048907684
2.1432239168672185 3.650531190939742
12.870268930479671 15.228999507425456
5.0555323464512885 2.7217780163153957
18.306466075943476 11.463651083471897
2.4104213711674776 2.784197794976377
11.187791246897282 16.753816114238028