86
8.95 16
7.95 15
7 14.05
5.95 13.05
5 11.9
4.05 11
2.9 10.05
4.05 9.95
5 10.05
5.9 10
7 9.95
8.05 9.95
9 9.8
9.05 15
8.95 13.95
8.95 12.85
9.05 12.1
9 10.95
8 11.05
7 11.05
5.85 10.85
4.9 10.95
6 12
6.9 11.95
8 11.9
7.9 12.95
6.9 12.9
7.9 14.1
10.05 14.9
11.05 13.95
11.85 13.05
13 12
14 11
15.1 10.05
14 9.9
12.85 10
11.95 10.1
11.05 9.95
9.9 9.9
10.05 10.9
11.05 11
12 11.05
13 11
11.9 12
10.9 11.95
10 11.95
10 12.9
11 13
10 13.95
19 10.05
19.95 11.05
21.05 12.1
22 12.9
22.95 13.95
23.85 14.85
24.95 15.9
26 14.8
27.05 13.85
28 12.9
28.9 11.9
29.9 10.9
31.05 9.9
20.85 10
21.9 9.9
22.9 10.05
24.05 10.05
25.1 9.95
26.1 10
27 9.9
27.85 9.9
29 10
30.1 9.95
20.1 9.95
24.9 14.9
25.05 13.85
24.95 13
24.95 11.95
25 10.9
24 13.85
25.95 13.95
23 12.85
26.95 12.9
22 11.9
27.85 11.95
29.05 10.9
20.85 10.9