400
6.524804072875528 5.891114655782694
1.9496571636791127 3.9263626984624382
1.7839761424079021 4.5530758778332405
3.6272801907861227 6.164773693396858
2.5338574025882865 1.9703495865674618
7.656504865037883 1.1090110116803176
4.910608557331043 3.8394494544330806
3.160975605045669 4.850465934067836
3.3855628668909894 3.44094439143142
5.236474161399826 2.5523038471524484
1.416096817966008 3.8299796906333805
3.154965759195953 2.4444320977737273
5.166816007487693 6.746541206683462
3.730241921422323 1.2178029029718815
2.8724929432474826 0.5023068842636093
3.4285632451958854 2.0043698268334875
1.1851174875477395 4.843411105009335
3.9259648713028223 3.852683750300883
2.3607466332597267 2.244565430993193
8.428241859054003 1.4859881853141754
4.968858982946082 8.253992134942342
2.3062354650968873 7.682423557938993
8.567704792888108 7.899281892663469
2.4415748153084276 5.21348951096305
2.884226731263505 3.0087136011193714
2.8669448568397726 3.569926375362981
2.305583408528098 5.671780222176961
5.898584139630949 1.738241113230047
4.310953296627061 0.41985314230377846
2.784373275731639 4.819141112044948
1.3632531660729827 5.168705906594418
1.7446505334851874 2.8894462513717674
0.8567053060061889 2.2818795822162388
2.8941100274644214 2.5358063622290716
5.8285741068282055 4.258952732696478
2.726334208285551 1.5128725250045743
3.313474654854243 2.6214032817752257
3.088405727106975 1.848090750740841
2.2103953197286996 2.833760119483242
4.231193164747033 4.702323287115796
7.007350607179061 3.5566907586034455
3.386994023873817 0.32820792680748456
6.093932539471019 3.6652538895708284
4.043244630591583 1.1900692734329161
1.9808049371641818 5.3753982346386815
3.1191741575145127 6.220692212360733
2.9220640847480346 5.671878814103823
10.203285587072937 4.549525285537611
0.8294775510995563 4.530147587788151
0.7891101195265373 1.7250519501912325
3.602642126063423 7.450143863596822
2.832483221952911 4.396740045119143
4.643759861092506 6.6233547405240785
3.9516128967432813 3.1022514882823886
2.2493567785615847 3.003692497770203
4.264560126339868 6.484720905477763
2.123607540489136 0.8842251585333067
4.127923832301361 3.63794956569013
4.259314519255243 2.165347803839751
3.9668570400922722 2.6851212361709287
1.5900866926397668 1.8544280846572254
1.6932066847682903 6.3258447308148575
3.7610316429966417 3.1377954801587316
1.760592503412643 2.411501690265441
4.981427559340362 4.595287303860313
3.0536556348467276 3.6046981097682904
5.185561676460654 4.980391912843151
3.781563567382335 6.749007461939969
3.395409170651434 3.4446876097898564
4.24677267078404 3.16331742217974
2.2549838891134084 1.328359260227143
1.5581121521977057 3.5650795881583535
2.177857915530843 2.4887688864352278
2.336839251829593 2.6994946471221186
4.73039533618547 2.0037701630884612
2.3669795773985873 3.377381307525337
3.986884276207186 4.86437423106476
7.557999503098969 3.1001202164791937
1.5009538979130552 4.396235497878635
3.5753002046047575 7.1109504531725385
3.173272036144292 5.081059934291693
3.7296872704348205 6.839089118759416
3.5066308328695692 4.051589132354052
4.402434739123062 3.085890206003161
4.409226954002026 8.99108798292611
6.727839592144626 1.9207230219203943
3.0936732501359154 1.6066030250869403
4.181779737227507 3.3907357501232513
2.0171045330517146 3.3494406819308016
2.08775719266188 3.4462964937528167
2.3357626121554906 5.180796026014399
4.165090141329333 2.274173221417003
1.1793438500488247 1.652505359267082
5.035635304480156 5.119193337991597
3.46416294231759 1.707091188690575
6.007260543322696 4.478530491435807
0.484470502291822 5.478999802952675
2.271953875111773 2.428213412069478
1.672782887798659 4.407409988677285
8.388091738067125 4.199224576569419
1.249828452593572 4.331294193788171
6.217196170173644 2.809642000585727
1.1127185530749246 3.012235911559058
2.7299559369169235 3.096924772472179
3.280225185876404 1.8480999001689447
2.3158217679005624 4.07122384697063
5.088329982575747 2.034053233881578
2.094196155152263 7.55282743304214
1.5885443976767135 3.3676954617644963
1.1409533180272529 6.373127331439623
1.862244845685741 0.5477216984783654
5.17059014750666 4.762716697964374
5.20360800780129 1.6402366137609297
4.3522364270694975 0.8485575794339806
2.1157544648631106 3.4387060908650433
3.010014863262703 4.024534602824833
3.0030483772880343 1.1922137774656991
5.461537068772728 1.7870013965867595
1.1734045731541607 3.376623164767329
5.31781214331878 3.7054332111001314
4.230090060555514 4.112313476460233
2.535001169378085 9.556181748281897
1.6794646925690664 3.2903231903794365
4.000532284689899 4.604214238641948
2.4943293761472622 7.749243556641168
8.307953113179261 6.305200397324304
3.2424441077118207 4.725326581513925
4.1622219903276525 5.7306996699834905
3.5721379821480483 6.17833276016559
3.4162978973545446 3.5469712898812116
2.194761991322575 2.5222776152822135
3.664154999441346 3.672871201599601
2.783776943280863 1.9400205986878452
3.2856220898278115 2.284786275356854
3.1319262473211884 2.620931231079375
7.080629314268922 1.0344797882303085
0.7866226595514628 4.339365537859084
2.660493301806483 0.4428235444007096
3.1207734401714706 3.71061057966216
4.193602577046214 2.7452707451765606
3.07379393998357 4.3782768186041015
3.211602148617142 5.01571745794825
2.8777110799390435 4.930998424137725
1.887265242952743 2.0037999037181633
3.2192102938775102 2.2569703141434534
0.5229050653792406 5.3086177464621445
7.891988572380923 5.61308488203175
6.629743993834971 1.96886708133812
2.4333436784798965 4.21348768677816
4.059036298959389 3.2213952142599602
4.570523256844059 1.1625143158924203
0.7334387544931676 5.141645496962816
2.1769395519588928 1.4520698294813283
0.7425308689417551 0.5505867146754277
2.7660667192142383 7.372909679927423
2.860618527095525 0.4122874722122313
3.763217189535564 4.453453501770038
7.450545099163829 2.6089643994426854
1.6468583009859912 2.5969255981316284
2.720952732786386 3.915445281072082
3.6872126189640877 1.1833831532893315
7.056769463168002 1.176397051297108
4.170717590742317 2.2096687945537448
2.296055905851512 2.4215655740576905
3.4627014378522745 4.384133100295461
4.024806387186482 6.628419753599633
1.8893539208792478 8.172609531167168
0.8740923125998336 2.2789075158572136
3.20574164345258 3.002644650062495
2.782949304807979 0.2983535058522094
1.524937234858314 3.1517186792206786
3.3632161206806908 2.7008074753580127
6.662935671633086 5.912313976851878
5.757380092014544 2.203355691678767
3.69547998424252 2.760373236031099
6.270438319785283 0.6295795797281083
6.032896370697229 2.077742303090275
6.5469052731744295 5.162249305337433
2.524550835691073 0.8241150043105463
2.5767376531940847 3.3900687028836045
4.074500634799936 1.8017669393482711
2.30101739110014 1.617540500233369
4.904514465435565 8.84130477858084
1.1160383477907376 2.208270560352032
2.900328310297888 4.906089101107865
1.5152632625988 1.9472315017594095
6.230007334263539 1.7837569519365286
3.0342344396805077 1.4642957300838786
3.8639988221920842 5.308863919887729
2.8908238257742567 6.566928227299469
3.849319316840541 3.017447297354935
5.508158516781913 2.5715384441039753
4.850505915328257 7.0097563101721665
6.963787681899505 3.5076340775263195
2.508084443287811 3.1720944863084637
3.8439974437381688 1.1522419177001257
2.9804884684838484 6.203697573189527
6.155827878584585 5.070684567639873
3.8512280135072565 7.196731666030193
4.700348565765285 4.508590467817419
1.9061364253956192 4.8423784481919
4.778076124597501 4.637791317697601
2.940460181569662 3.91486926924623
4.521911348500349 5.668141318391443
2.4103620177943963 1.8883841667984451
3.561562838556463 3.9711400404464072
3.1523874392092726 5.248892689553573
5.003549275284726 3.3112745331835014
2.6627164274293733 0.12346429451993784
2.2856702737290027 5.757328906992077
2.4744002440220267 2.8446262751105698
6.68060948883973 2.5508112858917658
4.735878493894655 7.868684491229876
3.8282271252493896 4.252099252010073
3.21972448755595 2.040533143544864
7.034873689520989 1.4352003705143335
7.390061972706441 2.1838093034946238
3.614954260415254 1.6473173489198165
3.391337750293405 1.5452381416752496
1.5404460510252482 1.1631681738017428
1.5181753524712218 2.4628829974625317
3.133470863570153 3.11880173601043
3.703761742903473 1.3245891677743207
2.071563940649648 3.3636949235541227
1.4326980958144833 5.32126218435584
3.761187355800912 1.2359087516461011
5.286111567118645 5.840646013391845
4.354348938627087 0.8513602463683947
1.7453912981596147 2.3951561504493197
5.258536097970051 0.8275730955952141
3.85799428015318 6.81106266226597
4.004360045096032 3.7286561516241585
1.3279638351637602 5.03918154552325
5.573712084693119 5.9206041278810115
5.1388939508639995 0.08603448637399164
2.938861602075427 5.067248766426918
1.2394180752867663 6.888995869698798
2.3883303817404555 2.626499409690942
3.393620291422935 0.7338979328273806
4.3037875774825824 2.636481306212689
3.1588946880218467 6.2253287515353914
3.044939038608459 5.693694912827297
5.488230900150631 0.9758100560764017
4.364634143619404 2.979891537247917
4.2673114006872135 5.022954556340972
4.998192664021152 4.257506932149639
4.079257790444771 2.74250298984511
5.013734197316316 2.245193857647982
2.911874531721957 6.322904413256227
3.565555752720104 0.7479053846228807
2.435525382807555 2.3454159721408585
3.705993592604825 2.441646171067317
4.766145098328792 6.823603051885659
7.412543005089304 3.304714753176002
5.4378275883135 4.89542710584567
0.7480694439341452 1.528011745376971
3.6440800794762174 0.8717141341407242
0.7894946923109989 8.93193669946854
5.33298186225398 2.7486033024446437
3.4320031757963205 5.3230453556144495
0.7443677802578512 1.3681872150442436
6.786305778200237 1.8711824714657492
6.215516269405955 2.2017416399767002
1.8885204003033198 3.025968250711493
3.6926289312575156 1.0713419021156767
3.0528951342931108 3.227221766087733
7.620183186072783 1.3298594431246378
0.64288781084664 4.588753532941891
6.941508695249279 3.5606626256298575
3.6716204936737977 8.28691103143865
0.8285262524593662 4.764081563865474
3.9324775948553814 2.2433154388434025
3.122472216280277 5.741208602084022
6.571718610202925 5.950885583047566
4.221987368057993 7.526063192501333
6.690592361799099 6.260777295292305
3.9204061181207175 2.4344534061534056
1.3604554290426438 2.362396573557527
3.5676089370760073 5.479706270187187
2.340126204776354 4.7898743163556805
4.743976883030596 2.560896851399053
2.1468461033620843 5.176546398632776
4.330071655496788 1.763616052564795
2.3813381313797466 1.3087750634643818
3.845020604150336 1.2444567249558216
3.3906452705715657 0.4151579615377505
3.991070355960126 6.046831639113449
6.768811759131522 2.30914383958574
6.3691221539236995 0.7065953222547159
2.859145877118266 5.488356483561402
3.955380807462654 0.8089495165518128
4.645631969549516 6.829693704966807
3.8216672596996943 6.790597887235402
7.2745315153036785 3.280396669021054
4.853926031464959 9.80998478614938
4.533873205180312 4.555027173405586
4.713027515577036 1.7832183496179626
6.33276085678826 5.665315059620509
6.431655989964609 1.3672949708471551
4.925300240957872 6.669508766269965
5.025708958714901 7.054476539685089
3.482851734908612 4.813225639837236
3.3643381048486316 0.0798502240447359
5.408712569731506 4.342533851919473
5.706511704574629 4.628018988077435
1.7913357614039307 1.9907340506103224
3.011178086756892 4.817532909900258
4.429680548670902 5.122928463099278
3.660584480736828 5.824547946929194
1.9919084221406667 2.479624448648785
3.0928007047176242 2.16440742703984
2.5073370724906034 6.889414770696101
8.013822613017648 7.831136192504578
8.85709451043496 5.842571908256732
4.477467030313282 2.862769294010321
1.9910789515559308 6.753717097901092
6.894198881245959 0.43220380840299777
3.8817867083428546 1.8247582169142402
2.882423439295019 4.259210348165826
2.838797508592417 3.563587320157654
1.971752224104285 0.9635663108844148
1.4967647980035073 3.4854225762994777
3.9518673073721944 3.5774424073971094
1.923782868601461 0.5002130139764969
3.3026745034731944 3.7117732661217016
3.2935021851491513 3.893677945107515
3.607387390831591 4.377675173279158
4.176399952761166 2.9441399862910087
3.0586661645222897 3.444643923977132
5.226482049537448 5.115533574718151
7.771487414301944 1.5555510230568772
2.1901553286927404 4.775091508506833
1.7349858197610644 4.031936940836634
1.56174423760294 0.23119035589459008
0.8807536083778962 5.414244280870822
1.0553069841211786 3.068856609629255
1.8921528486057353 4.626244234074347
3.6869183592286268 4.730957238839092
0.8423143362924234 5.743737633217674
3.8536274483155593 5.02058304460636
3.2927969516350455 1.0344166865031639
4.2521410889333815 1.9309428206305168
3.5636367330686407 6.19568744285457
2.6866448746598808 3.6626691575841157
1.6416336059298384 4.316832780709521
6.767743004484643 6.97518625837505
9.294205103100397 4.760317099567329
5.5201209466663546 5.955644881832239
0.7984448986175308 5.071987388263913
7.54952936071124 2.5072244065690588
4.108172283624842 5.9164642753016645
2.6075197047591367 3.4614077163071637
0.5820582132614094 6.671854847166725
7.172567201232669 3.388836175546941
9.026831780569955 2.2973988108811896
4.130988304818006 4.5635993469586795
5.605194071890537 4.260609273598574
4.185724363837592 3.9410937260780177
7.20728716875944 1.7534074556051733
4.734371109982054 5.17560431390305
4.612278994913401 3.5164173027757295
3.2098890358759427 2.3452245025409733
2.5223369818791554 8.851874446473179
6.882537714152635 7.479846726820249
1.53241877992019 0.600495844082404
4.435785267517652 3.222730126076085
6.962388188965251 6.236363462112614
1.8042727292134209 4.961963159005504
1.7906917862053513 4.510122453727594
7.699354483733829 1.563771466809675
1.2286043426011042 6.547632567096117
1.422465538111785 1.862506060561365
4.591483597379481 5.284935579361136
2.313482338412631 5.071992147391093
7.375923341738671 4.43593154774527
4.116259042518413 4.733464417046841
4.659483800066547 2.6422943716468836
5.901458957886892 6.624502746064639
6.091781297495017 4.2509356074307485
2.874308021041859 6.048221111571555
5.103666885758426 2.247974445208583
3.466166895732941 4.300796673230832
5.323547756561387 4.266725944916243
2.7581619636163253 3.7575402182409454
3.1485774351279483 4.006825415664829
2.8067632570468315 2.8435853434306986
5.662356748533908 2.613550523091411
4.081353463298026 3.257376256919161
3.449358299264053 1.205298630711581
2.704979058524072 5.429566231685437
5.382932733806844 5.434734880609004
7.180831498508477 2.155931458190704
3.226509351433232 3.499326606778679
6.492282903482854 2.8803759420599104
6.73696881990523 4.116367374158666
5.87974575747807 4.825936158789771
2.4215128321659964 3.3103129192207685
2.6863245542204974 1.7230906456573907
4.568061687144724 4.844437933444869
1.5362778937456647 4.156184614610861
