600
0.8335604831018999 0.8721904458681675
0.8187307829461421 0.8578570306032366
1.0903805229987062 1.1285860860997212
1.1280236278526643 1.0113915516351686
0.7371071278952106 0.9631432522935673
0.8540751216659654 0.8718885979818689
0.7183051150336038 1.1422990853607544
0.8913673066502947 1.186348536753254
0.7084007020133586 0.9297454988989836
0.8832809619624933 0.9721664002613445
1.2403084979440122 0.7825538394757924
1.1116982242576126 0.5655295344296616
1.0261219498758742 0.6337062987282266
0.964955340349262 0.8672760619253969
1.0789256975227994 1.0287056061844977
1.0292584967419953 0.978921469800475
0.9423381749648664 0.7852292357855722
0.7486804211771341 0.9463251464196275
0.6740594380177359 1.1639318271577968
0.895156659967475 0.8660416541709584
1.0181216567838074 0.9276129197556249
0.7826677432430854 1.15012730224602
1.055695474680628 1.0478287640186859
0.9017559557168047 1.154902596924152
0.9558049904626826 1.030328348690183
1.1142955329929114 1.1589936404889485
1.027283873444398 1.010410092120343
1.0830465880466897 0.8528876623124862
1.2176630003977262 0.8780964174388655
0.8083558590401486 1.0111073418138157
0.9003468594613874 0.9706307621051307
0.9289609288205462 0.8286981321547573
0.8869796706816321 1.0896358339127439
0.9814533417456582 1.0555406790480824
0.8575504787080735 1.012472172503111
0.8516021425035014 0.8558899405819964
0.8400339487363819 0.6484112455965464
0.8811772718241697 0.8523650147954177
0.9835960227659322 1.0408560739991688
1.0192794190319268 0.705250452961273
0.8687755424779955 0.9638925924097947
0.9500549306698234 0.7340642743184081
1.2434094776590836 0.9722238742635898
0.8131456975534553 0.9020741088125938
1.0836462391887303 0.7902931148492435
1.0085793227285453 1.0200168934294882
1.0005382306510104 0.9110197015081166
0.6560471839408228 0.899368779258121
0.8937199009308706 1.1408969669968987
1.032668167320061 0.7804896900980505
0.890143857905298 0.8976769693960573
0.5562799186254754 1.01477208456196
0.9530952201322742 0.993017640906914
0.7881988920053024 1.1780070530425777
0.9879271193674742 1.076625223479106
1.0362881162518178 1.0821915139181182
1.1026782443602348 0.7909242204050966
0.9425015936294348 0.8993457467462493
0.9638603531316184 0.9388717233023656
0.8690954508507774 1.0970463335783742
1.0714161258765826 1.0272331906239764
1.0519308092134405 0.8766410737303287
0.9476814355189731 0.8889735955923255
0.9295466884605922 0.8977592875937047
0.9923234753898749 0.9080184108726308
0.7998762585446728 1.2448463119819273
1.0948354382853307 0.9029922665132588
1.1655555992922881 0.7172325020122053
0.9994139764942623 0.5820530192638876
0.9904496152294848 0.8976518816762439
0.959246432053602 1.0584993758080916
0.9574128051354058 1.001079536619731
1.016616938436672 1.1051777268769307
0.9483322569689066 0.9126814354838685
0.8843790617652927 0.7599526711500135
1.1172271675314323 0.8572374115237048
1.0934968675704946 0.9029849229054651
0.9989734682594514 0.7233710110187936
0.8195345477653844 0.9078905880788642
1.2064545304161152 0.7896108136770404
1.1182358603262108 1.0536976546883712
0.7333433344101211 1.2081740964686358
1.020078952763449 0.8102126181634803
1.1093201553933276 1.0816694305728158
1.0832432597763446 0.9325191089217715
0.6901351266379242 1.0580567434833217
0.9241127653125573 0.9317704235165902
0.978352622119023 0.9354634216994345
0.8396540123501479 1.017321297007985
1.0228026624238589 0.9483784851978901
1.057893030823983 0.8514317951313652
0.6603423634622654 0.9999956425442651
0.8701348881886647 0.7932796246938623
1.2813766104453137 0.8781677430406338
0.9498934735498443 1.0892281075647126
1.0025714182564602 1.1282464349142944
1.1559700878701284 1.0287437979871483
1.135822461554603 0.9848580336214781
0.9943930075767418 1.1447364834545861
0.8983829515291866 1.0808013674989576
0.7830569880687226 0.5481116723267696
1.0544628410386467 1.1330006245392832
1.0461781186666022 1.033361950314843
0.9049201443482533 1.003201845227212
0.8055475857383196 0.6855406437343665
0.9865384907477869 1.095745730089728
1.0963187002236523 0.7916679998216035
0.7452839319595791 0.8794772699736864
0.9939175676303531 0.7844222512994379
0.9468797187672239 0.9526545712563816
0.9725303828814472 0.9600627812799819
1.0207300540829918 1.1246135389273062
1.1066942901165624 0.7856671054382828
0.9846474634935518 0.865812623549624
0.6519036131552555 0.9679472470702736
1.1545832883068847 0.8646626535125298
0.971454077384663 0.8023442693603812
1.0745997978586856 1.0912091652530422
1.0398641469101115 1.0130724524466566
1.0629405949350268 1.1062414616888931
0.9018468068611999 0.6497688347797037
0.7444863452639942 1.213245589068357
1.0169349040776223 1.005958992618272
1.0343824374282165 0.4806912824452905
0.8045828684522969 0.951444825498121
0.8451038717038827 0.9941983116255838
0.783738931096839 1.0887038013925194
0.824088046490637 0.9641070341544747
1.1003795361755053 1.2405831826530154
1.0010315649340509 0.9642044626068699
0.9150127947494637 1.04246723322776
1.0486148058705966 0.7646697015891435
0.8442915119658965 0.8765495304798566
1.0554505588479732 0.8700112110703501
1.1842900948018373 0.9102410478570542
0.7101808554240129 1.0947545142041448
0.8659264487404909 0.9786507916043389
0.9692640724013033 0.9853400029858651
0.841544235469986 0.7197613600218452
1.05780885531698 1.0499145867594268
1.2458305942285068 0.9545869235955118
0.6934029059973763 0.9788655103112898
0.9691799827172528 0.9523408417621216
1.1146705424574348 0.9338714543645898
0.8751934533476987 0.6835911130435921
0.7320129463759046 0.9096711040504375
1.1127033235572683 0.8886705706350352
0.8949027851757998 0.8128664908728065
0.7228015029301584 0.649890920019586
1.1243959980562022 0.9289838907750889
1.1416710385792512 0.7663667438802014
0.9479061610472722 1.1082899727079416
1.1112621126937887 0.6577258134280092
1.048860702817916 1.0802647338957407
0.7410068544837707 1.030537894790778
1.0551012702350344 0.9617494802210351
0.9245345222791951 1.0735407865679145
0.9184535447416284 0.8818837055680632
0.7342300466352727 0.8690464432274754
0.8039241209443807 1.1458013187368792
0.7571406897278595 1.0448472399481559
0.7897774745793171 0.7482718652568066
1.0320513860787404 1.0635537163063533
1.0657045872961668 0.8056350521741623
1.111972996007125 0.9374626514935847
0.9363557327581001 1.1497445407604543
0.9723472496299604 0.9611274362029623
1.1365767149746315 1.0176810849234375
0.9216190130020516 1.2111751812494724
1.0214000217582093 0.9943258973958639
1.0034599674475406 0.9490059110421966
0.9869498124592925 1.0723979214931767
0.8646306038141582 0.9477049102182495
0.9908217784858334 0.8835255012696517
0.9765516516350555 1.106083061072867
1.0327674219032354 1.0156014286243502
0.9774930271901181 0.8008612804388734
1.1503849794593857 1.005418593937979
1.0011728667415856 1.1639534447242685
1.0559161921523479 1.023584938551493
0.8241356634164863 1.121525317633793
0.7375930520017663 0.9143973141934955
0.8998133110475838 0.992052170170813
0.8670933172372396 0.8278321595091596
1.1148300370080315 0.8512265710602317
0.7060073483956205 0.7933149983179336
0.6795666042909172 0.7705104253923681
0.9848905653403126 0.8574945762774031
0.7413203740352101 0.8195036213272721
1.0241051574060238 0.8680212041483424
0.7878512875080813 0.9349738627814919
0.968309186768784 0.8158081877588922
0.770713641829174 1.0100272264528516
0.9287436500719208 0.9972981161077915
1.1026617217233798 1.0064715697604143
0.6923212182709112 0.9519770223174172
1.0335153837339752 0.9838353061371082
0.9632124503365884 0.7741094047284817
1.1887840436538146 1.0798609785660043
0.8843132181418676 0.732511820463296
0.8246267571197359 0.9808835571212169
0.875383947243603 0.7972637310702043
0.9107303531401891 0.9363460654880492
0.9484220390676434 1.0441006921120888
1.0684996275147178 1.1230526394942433
1.021546997671739 0.8184090659195936
1.1601352865648518 1.0959484069480832
0.9742790945704062 0.8121097339226766
0.7836688911609444 0.9999550200218613
0.8634914620823727 0.8428015983880283
0.9205171629669877 0.6411547033997099
0.8158412753401464 1.2848938695316032
0.9857959716891191 1.1766220258286235
1.0830274642910078 0.863326867215167
1.0371465010930738 1.0808473266614862
0.9693263811407017 0.9568525876820365
0.8169225764658423 0.8992773168871473
1.176224135085841 0.9564469896100879
1.065682335687572 0.9536288502124342
0.9634361504553175 0.6577263602472802
0.9006854578008867 1.0032954010892674
0.9164428072645788 1.0266555379308235
0.9646636647218797 0.9026408044698666
0.9810135481745412 0.8437127636262706
1.0970120609977678 1.1289059829038932
0.942177106255963 1.0277985434602506
1.1400252170589085 1.1044815418090783
0.868205126635706 1.1363550749022355
1.113195519124008 0.9438184637070057
0.7609665721531716 0.9966572522346663
1.1333248566262517 0.8047352741292372
0.807862129917687 0.6784040656402609
0.8701441267122415 1.1592082536016388
1.0200367372412016 1.1008914846880744
0.723826605066979 0.9303060781770849
0.9785563266372549 1.1067866842662266
0.8830788870341528 0.935787223422625
0.9614967405728414 1.0966382764242968
0.9869285665733141 1.1385910081645856
1.160665628663905 1.0027967794443013
0.9330324850486842 1.109615041526912
1.018668947216571 0.8372007072307793
0.5545266301658419 0.9435818485071574
1.0410415389264984 0.9401231915441495
0.7832706272448038 0.9877957282581615
0.9284326711356569 0.9779616365919589
1.1869601412270976 0.8679952852829662
1.0817451944267598 0.8552937556432826
0.782026996088154 1.036052823929265
0.9005191281540431 0.7444294380092357
1.0570060074993384 0.9968613749179248
1.0657601904433875 1.0897029874581943
0.9631032034053754 0.963877528185493
1.045751363643844 1.0709510524696582
1.0698751326735463 0.857083253767919
1.0582252901576916 0.960127371491485
0.7420562050765483 0.8800793503975773
0.9889691614120402 0.8953766142727092
0.9724336299260793 0.9691832138180673
0.9864256605314915 1.0072410746147655
1.2187406006905712 1.0929604891836084
0.9120551503240512 0.8866954881856437
1.0870428732238513 0.6326513909345358
1.1007491900186666 0.8368530716145717
0.9480268430970941 1.1649834149155438
0.8370335658237473 1.0223698832156292
0.9364005136365461 0.8882696796379262
0.9340653521263581 1.0157452476470057
1.073728529954298 0.8893029471339419
0.8722554971385055 0.7924943837651391
0.7551199990722797 1.079523100016428
0.9093428629026407 0.7220798427172387
0.7594720407244521 0.9834592296890183
1.1347676560491369 1.0907746754115872
0.8105983020413926 0.9385035237422181
0.9507614241150368 0.9366519446008514
0.834523760544055 1.0987287110629318
0.8746182183553664 1.0552579551554453
1.0627321858507934 0.7598417861786743
0.7940797551736097 0.8268088985525845
0.5198364943244433 0.8508734777475099
1.1312745009261729 1.174901633958765
0.940228117592863 0.9555549566218856
1.0341499307161093 0.8778646714825108
0.9991203022213938 1.1030178588988166
0.9087151709329677 0.9214169908622644
0.6648411796630663 0.7214408306676773
0.8460865825631784 0.9975978861680516
0.7809963555685263 0.9053414342102885
0.8487233466693569 0.9571881060231483
0.8495644673107249 1.0643523810764732
1.098347833201685 1.0031773053092785
1.1438718487713837 1.0127839147875932
0.9295306520840698 0.9817108895076714
0.7853067391693037 1.1323646776040965
0.8230874776808756 0.8746047251038388
1.0274220598606392 0.885239823467194
0.9546533884030753 1.0194022672065146
0.6012404532127318 0.9832192173765911
0.721047171198869 0.9740703238941018
0.7913621163300123 0.7596777557571055
0.8805203625842962 1.0855814216449289
0.8601750764378912 0.9090889089025219
0.9978254146450902 0.8357791764853586
0.9807655011644014 0.9306402630870297
1.0881503098828933 0.9352063763690011
0.9892422188289828 0.8702263767315204
0.6863400967362738 0.8437105894335183
0.8645649755870072 1.0685865991259285
0.8075485033249499 0.968395067210848
0.9325145864515361 0.819037152679106
0.953794365544074 0.9490991652809906
0.8839147744539833 0.8568724273821714
0.5814388005288511 0.9300406570205053
0.8547745204028481 1.0993288195422697
1.013163073946398 0.9155838998613015
0.8801236294059621 0.809059014604953
0.7787980415345679 1.1025658783503345
0.8609919899259988 0.6793908647106688
0.9999202511586512 0.9622903473111472
0.9215859717637047 1.0259859422133442
0.9121661379292872 1.0111948366816625
0.9128936122554804 1.1030223774417982
1.1224856550733266 0.8844687907552932
0.9267204579060458 1.1083992500711088
1.220235852074941 0.9472676365577105
0.9032131790287293 1.0690549686467645
0.705694626454916 0.8345173790251154
0.9183906159880549 1.1526161819052947
0.7752915127266017 0.8879598018026824
1.2443952964879028 0.6845705594543815
0.987319772239686 0.9598604982805081
0.9940232644558475 1.015527550933191
0.8840047930754871 1.0097101090592995
1.1350617756929267 0.930779251104181
0.948233486131466 1.0143127344581826
1.025742652893497 1.1953698603606868
0.9630008355313626 1.1267925503964333
1.0379290611330656 0.8022457810878078
1.1616844392480434 0.9653010937407394
0.9414740549809323 0.7952641684429647
0.8017156595003742 1.206203684401626
0.814673311729558 0.9283123029764033
0.9026020077826238 0.3697918546184263
0.9508480475946551 1.04160214863914
1.075581968444581 0.9535466012598341
1.046633004979458 0.8573209095612953
1.0617141091796962 1.1323820068048835
0.9879240068563463 0.9349246298531043
1.015766855350321 0.8699246709423694
0.7658929915033151 0.677968987642372
0.864642506937913 0.8355608531631054
0.9314678198660477 1.004919524139311
0.6023733785858282 1.0113174596045218
0.8208811123289474 0.8102279900116856
1.105869076645304 1.1364970436567061
0.859147230230912 0.8210512228655805
0.9327809040234012 1.0418757397700151
1.1559626598327326 1.012719190956476
0.8536152194817289 0.983344669390642
0.8348905951966176 0.8471766075072297
0.8479590597271319 0.9751188283006285
0.8649162167279987 0.7742982533068097
0.9985103358472438 0.9038497229161817
1.0665636654013155 1.081472557090977
0.8121496950474714 0.9103730125296536
0.9833987491722288 1.0025416074976516
0.864139556485689 0.981893849046122
1.0387848371740185 0.9468696224015806
0.724123975472092 1.2052871596481554
1.0499720924600835 0.9602725903714339
0.8692780279751716 1.0829970360367722
0.961557100908362 1.0842570823822866
0.8457823714022541 0.85253601320191
1.0493400911003832 0.8054498114697988
0.8452330899798522 0.8034923702434726
0.9029039352119448 1.0947978307376358
1.1437271493286536 1.1540887709688774
1.2019398979977536 1.061604946997237
0.9022517964394027 0.8137243349722493
0.7266709281867177 0.9981717031386167
0.8937144550807187 0.8878496903551527
0.8663973567742221 0.9445690066842749
0.7447122174246633 0.8353860044678311
1.0464729979949254 1.2401013006147152
1.0815143890201342 1.1293477596302965
0.8447620331752379 1.0340245621549657
0.8266446233927565 0.8008233038568265
0.9562587964366647 0.9643590958547902
0.7892053635251988 1.0121429415469696
0.7911062759302359 0.7713942416000902
1.1659862871954663 1.0426853926147375
1.1722419665920214 0.73740780475995
0.9625909280466213 1.137182791844966
0.853411291674765 0.7212022089412465
0.7662862906267277 1.1685178653811212
0.6908739417270685 0.9787721849853707
0.49497663822671606 0.7440743984400845
1.0889551589697246 0.9919285021142745
1.1187214970789983 1.0039992042202694
1.0083847592415163 0.8325528755100307
0.9744001579268022 0.8973569521150632
1.1871637800959205 0.8966806728257835
0.7947211246202057 0.9024013721828514
1.1632553933140415 0.6166931217278141
0.6523833616793793 0.913338003771946
1.0121762615284042 1.0759599969616902
1.0674314238308897 0.7618151742353276
0.796651711935754 1.0165720233266364
1.0892477655414412 1.03103585584672
0.9067201358525045 0.9201762615086754
0.8224411194686608 0.7975657422371506
0.9941596317844872 0.736172113070453
0.4723071332049633 0.4697734891061129
1.0098794676086116 0.8760133814474356
1.0206152835845215 0.8755490773144851
1.042456867541848 1.0512310189365108
0.9921508556603117 0.8846047713673807
0.9522942430700381 1.0661628090077595
0.7355651633976322 0.9291858778443868
0.8676558160087429 0.9299963043413563
0.9561561369640701 0.8869109499119524
1.004348479086335 1.0143132122047969
1.1227494004984477 1.0098055962488843
0.9324926314774755 0.9126462943007677
1.1578600509479673 0.9827171798146794
1.1535236250619627 0.8018029094059744
1.0064415903243935 1.032775347212052
0.8455957127311037 0.7207840667021453
1.0450066117233499 1.082860312033005
0.8950212812199522 1.1630653540172016
0.8155903615338269 0.9568245775471786
0.9589151143069581 1.1282241288420733
0.9277889155616525 0.8340025974389347
0.8509261031797651 1.028614352498382
1.0154350428565158 0.5929493288478582
0.9539397708726295 0.9437063927304747
0.7925380695966603 0.9912377212678588
1.1705677254061606 1.022656841001688
1.1716260927225701 0.9805909508596673
0.9931255147493262 1.043359904873765
0.6679826981520379 0.8809656159386426
0.9963765438380052 1.032228103631112
1.0630971266702198 0.730884371231246
0.9952752715118423 1.0185429053021031
1.0527189470678469 0.8880857152201566
0.9976445529355532 0.8480417035089959
1.1107119441351603 0.8664027727122907
1.083026291821584 1.041739622473492
0.8865728550753649 1.0992492910914136
0.7624810122250097 0.9106918308892861
0.8081532095427282 0.7458750907459155
1.0259715970080483 0.9856792806933556
1.0627686782180512 1.0762173977048624
0.6067751451862993 0.9341371108022806
0.7944688817824412 0.4168191744938803
1.0735083088193071 0.8000267727552516
0.8448479388245058 0.7383940401911585
1.0306739796410367 0.8750960365543581
0.7758072994930534 1.0234785925006593
0.8587794553149144 0.9951327137232976
0.9276048469609708 0.6999375163981146
0.8189767113635513 0.9173143619227686
0.8780506338969352 0.8600136501756112
0.8211467772325324 0.8129534958483927
0.7803407071463921 0.8317129492560733
0.8925508080545557 0.9250339194075882
0.4394880748227536 0.9039182648164649
1.0698655946163897 0.915524333819928
0.834473213087216 0.7097167017489621
1.0229461808175833 0.7788192642145767
0.952220634593968 0.9422431120309993
0.8385086902773098 1.0012837543215616
0.9424576501973222 1.0470796707175811
0.7244672814148404 1.1870458664986066
0.9488114618993843 0.9511561008780498
1.0520576364231684 1.0809966646001814
0.9617850274042198 0.7918774317805166
0.7623232276672652 0.8608269500025362
1.0003971460306242 0.709942786615109
1.0188299247644956 0.9238169635073064
1.028580027963828 1.083963498217331
0.871828946469332 1.006949074396222
1.1138207493211612 1.1440790525506013
0.6373222689849216 0.7588049457913936
0.8533589043587825 0.8023339408739757
0.47103020991818745 0.7897972975193381
0.8625628630493929 1.009225839981644
0.7957520307739127 1.0096114750896905
0.9288635273516943 0.9539695215173403
1.136745678298991 0.7960926468748388
0.9141596654797716 1.0039784766047346
0.994627246212488 0.9196746418300623
0.6933780518186601 0.8194579259880126
0.8026476396213292 0.974872678372986
0.815531541122273 0.6468042293689649
1.1459011084700095 1.0721278760828596
0.7861069850643193 0.8299744740439853
0.9578725567437737 1.104712749304867
1.193731491736978 1.1113731608278765
0.8394535032171274 0.9281709008816732
1.1156278247159075 1.1561595312831887
0.9874391737846782 1.0006016742304225
0.7996326807873191 1.0265768919893947
1.115879088998804 1.029474611923195
0.7564672881346793 0.7787703446897143
1.0666734823116601 1.303778562889564
1.0941128734161967 0.9161549922714028
0.9655102452702962 1.1161802385619
1.0833396332070746 0.699707634892181
1.032179212194797 0.9701707564024616
1.0643445591641516 1.115487721148955
0.9294690252016584 1.0819604102057983
1.1505934437016538 0.8414300076857788
0.8749327522027102 0.894404812387843
0.6872956755713815 0.910682903773096
1.0565761629352852 1.155993439861364
1.048311328593233 1.0050031463079836
0.9213577511679932 0.7301855417738391
0.8180222883576318 0.9685345770665997
1.0747396742889572 0.5369759827885976
0.8934630745360735 0.8341934252771711
0.8337845373946077 0.7347681063420269
0.6716343652190867 0.971581615936843
0.8259078937316636 0.9034640465447402
1.069067450129942 1.0465688079070459
0.7580755688737877 1.0216932762080633
0.8777997978633226 0.9188056635877259
0.8567147581996242 0.9202572810381453
0.9547309057160844 1.1000284128377253
0.7752058041474981 0.9323830953963512
0.8855883081923629 0.9837629177082018
0.9099193250705979 0.8702034499898654
0.9376373780140357 0.969603092288373
0.8038674164359949 0.9322677494048938
1.0698358905906633 1.0179715883767306
0.6393753808542604 0.8785351335955659
1.0363175734947874 0.7441440801759828
0.7442157632557065 0.6635820050679623
0.897948101102589 0.9551876819573892
0.8915005630513978 1.0762395021872357
1.010178776357479 0.9152388669556103
0.9714632181198553 1.0253973602488156
0.981986102953395 0.8582978616877095
0.7922875713594996 1.1108520841594296
0.7229935835733978 0.9927423552170528
0.8614239555523238 0.8198345482551902
0.8595042547009272 1.125856898031851
0.9595440571507603 1.1272007317760377
0.9916387973608626 0.9960115778285513
0.9173442296715534 0.9454254179874941
0.7526781997419294 0.9304896062023246
0.5831230901339873 0.8458229977860655
0.5414283548625567 1.0454769265370867
1.0736960833190792 0.9577342994736198
1.089777766488109 1.1479522127335438
1.065276102577392 0.7108460696005321
0.9509518424613954 0.9824272256108086
0.9798617108119942 0.7414411590211388
0.9523727937109462 0.8794852274032713
1.0130195943979237 0.8885422764561329
0.9277421676194958 0.909026955185897
0.8587300521608426 0.7294924217959389
1.3204610490246698 1.0604757699228522
0.9080789906251744 0.930191295468826
0.9521102489255401 0.9705974075730424
0.9119482912147172 0.8844344631331428
0.9788387686401816 1.1038499701865732
1.1309142637719816 0.8396321508269815
0.759220364777223 0.9052107275947954
0.9383912874961781 0.7476835325089439
0.9156866478922498 0.955074890599052
0.9793539937788098 1.063296460788597
0.993136102646154 1.0040665124063448
0.8779726259688307 0.7707779533329281
1.048887233512184 0.6927090014052089
0.8732704675580081 0.975035175958529
1.158087216331232 0.8592462629116391
0.8686870397527633 0.8581779381558657
0.8576745853214075 1.026996954258769
0.9766689965129559 0.9437900697192066
0.7000384777943667 0.876202017759537
1.0002071284960368 0.9826230578532849
1.048201631737448 0.9427871102863254
0.7695093942592404 0.752844095156814
1.1031911532172116 0.9515579899326262
0.49815776006329593 0.9871102522513294
0.7759494082585391 0.9787092320871501
1.0572298400444933 0.9861300435921143
0.9657441685453675 1.0067553686565482
1.1009312938704963 0.8131630155873759
0.9934900900310234 1.0638185845489334
0.9338840774127338 1.0176645766788464
0.994345043348187 0.8054122430497886
1.0307780475845807 1.093495257636157
1.183809758365063 1.1369516539809357
0.8758499932402866 0.8394517181358642
0.5405547547817408 0.7938922703354301
1.0402878756861167 0.9521026369956584
0.509921342687774 0.846833298498644
