1000
-1.257066881745208 0.7618311664397607
0.7937233835846117 -1.1312440396624077
-0.4545177291881835 0.7817892937534444
0.10954217019752052 -0.6744735673868186
0.2794050532745909 -0.3845583329438275
0.6124808160717039 1.4720350676596343
-0.8497443240667556 -0.6390515075921257
-0.2232557656972317 -0.7094041002893904
-0.32953723207996893 -0.07266556105529957
-0.565569737817439 0.014727544949177145
0.2030508278422168 -0.09715283689158431
-0.18582121071970958 -1.037556276015439
-0.18286554489031095 -1.6748602341397614
0.08979937027553435 -1.1021551739243933
-1.8932280651505797 0.7162593409006038
-1.2775570465639796 0.8685294850952003
2.3040886016096853 -0.1989125216791281
1.0591340369012845 1.1765226646250526
-1.495877806283393 -0.34426964027607193
0.2505398044017367 -0.22890230816585924
0.822803305027003 -0.04054737413088562
-1.1978096225868518 0.5536088070658763
1.186834367602715 -0.38886639159439607
1.3267249571563198 0.42241942209518263
0.8659658841756729 -0.697281951666031
0.3512587234468771 -1.1620181866881687
-0.42516871698022896 0.16288940642231725
-0.128370094690746 -0.9256648757239703
-0.34523112232046865 0.6276083605745386
2.402968275591201 1.402015893832818
1.9555081401618968 1.3797353633767524
0.15817153372588505 -1.4326935669647913
-0.3291942049832049 0.07136141358494504
0.052887220214530815 0.8604144600296757
-0.07088913145735071 -1.5076856581748954
0.880561858653371 0.5215305960045714
-0.517554087068963 -0.7956953389367014
-1.1269307934350548 -0.22725347888046546
-0.031845364517660346 0.16668624765910087
1.0349038900552587 -0.16159702559001685
0.3764303132246984 -0.2800658549172535
0.07437524289664081 -0.9670377374791264
-0.508715830209532 0.1759674131795022
-1.4866215244399261 -2.364917675435515
0.04786774070792689 0.590619415360454
-0.2854687155871119 -0.12545791767420994
-1.259201844208497 2.158767841466958
-1.0811390744939207 0.36092662592356195
-1.110635029137332 -0.2120638966751834
0.806187214309342 -0.26709360456929565
-1.18262201107292 -0.8172367870654103
2.4650718316679754 2.0179601442580526
-0.38543525738981393 0.020248051754973344
-0.5708287609821532 -0.08344368946927065
0.9726436922594751 -2.1918655460118215
0.8689418607071839 2.0300601050359983
-1.1318986268315685 -0.1952099986165362
-0.07617608400812288 0.08588795765535598
1.5342906295617302 -3.0118142260310705
-0.467448350756187 -0.4829636526816401
0.5431778111247784 0.8195776647971674
1.0826619844440222 0.09074526638282385
1.5527718977229081 -1.6053933334791917
-0.875588833019264 2.5089938374025142
-0.23546450260825644 0.3732311481803254
-0.15016481825305947 -0.4819852553878666
1.624960778545063 -0.4572501179646146
-0.9008341828411072 -0.3849907065449881
-0.3898646423264534 0.8710729685243229
-1.5884151995619917 0.30882411559031925
0.08750150115501996 -0.7056307094593459
-0.5232167974493042 0.38479980669407365
1.0712189161171362 -0.29132331533142874
0.7693936140350587 -1.434406888071079
0.9848544193691783 0.14225505869553204
-1.2560841073380569 0.2501364690872133
-0.45004586330493834 0.6219435576855747
-1.7847694846178166 0.28209246686395895
-0.2702331944182772 0.48509943563316804
0.008364699072189456 1.8592286422006872
-1.5176467211987568 -1.5488158694221887
-0.014399971023042014 -0.09987159790284203
-1.18201044575024 0.7155731781136847
0.5279990508917974 -0.862430396137051
0.16777870510953374 1.6019650100598406
0.5402959246759369 1.8615070044870965
1.9283871360412514 0.3098585795458516
-0.7008194610655744 -1.7047146186337392
2.8433831049399547 -0.294174509518052
1.0821389728313102 0.5138817573032097
-1.0205485471252342 -0.28003426278970683
-3.3879920619530175 -0.09208283418171544
0.2755441533627311 -1.0192576855542472
-1.5944718365690442 -1.4453412716070793
-1.1020055036893532 1.3019073892319661
1.1620973226710665 -1.0816367172427508
-0.6020630449892522 0.8101275654940842
0.09714473765635379 -1.322964796015227
1.5567152002419762 -0.7372805087321372
0.6871449037509316 -0.8593137728748399
-0.4715629874935561 0.11508802643089364
0.8914578686668966 1.5414647753009436
1.8629412196291875 0.48247957963458604
1.515075067681487 -0.3069940398709575
0.07652755779953231 -0.021801159375876324
0.17913893183143653 -0.9104538015293387
0.6647104243710801 -2.729572507054379
-0.3466936449704455 0.7845987388326111
-0.15019581122419215 -0.10748394867112587
-0.6905717572726455 0.05694349141771916
-1.1275882827547379 -1.7525173977127455
0.38054827999634494 -0.06156325840702944
0.45306522940701716 -0.054950430531576895
-1.334019551395849 0.7001947180826008
-1.0472997095669248 -0.040423583492613165
0.8783603795127649 0.5714009836016865
-0.6188922329738019 -1.2486201009475566
1.6554977755826505 0.18530559392462
-1.004134792710062 1.4454609710943622
-0.11241085863436379 -1.2511786497495667
0.14220221753929072 -1.3752968903420293
-0.31669182828871895 -1.3578349821571305
-0.6187583712446252 -1.3518567515408626
0.676855157053255 -0.15100131172241577
-0.6077170509532507 0.6624709642448033
-1.887504760633687 -1.5498011660878834
-1.030066936439785 1.6441063844099586
0.04421298402662 -0.2607580405406075
0.8653868394699662 1.6316408331172287
-0.945878132228328 1.9338192015005133
-2.0002140314507697 1.3906195588478045
0.3904175457055511 0.4653160268863989
-0.9858148889689372 0.07804829827994907
-1.0366493665884735 0.26318631895825384
-1.0645279790031033 -0.5308676655940456
0.034909302552047654 -1.4534604943905114
1.1060454994123605 -0.4319250477766878
-1.3610863715269221 0.5908002122334153
0.40612751074541253 -0.02751359891232953
-0.23423285649466022 -0.8394712566098335
0.7644894652655617 0.9733644245562015
-0.435201499953725 0.7901635664804808
0.22641511207319992 1.140912966635104
-0.32985626323878114 0.15704768877006203
-0.658321171347894 -2.0113666571752176
0.17998658451147073 -0.8520977118335182
-0.19240819629600667 -0.3136512333282055
0.6816299682642911 1.543595939929147
-0.6360632300211243 -0.3866021103346786
-0.6846255223080044 2.1785950149661875
-0.5572606379577424 0.8077489089889357
-0.05944871225428525 -0.7287549397612543
-0.7910078911296462 0.20847311443640953
-1.8485665599812942 -0.5901485789670406
-1.5434484077446204 -0.5354308241593954
0.39330670181148525 1.3075165692185973
-1.7558391075507982 -0.19681948537785574
-1.8384646435926224 1.5210737508942043
1.2542364594391158 -0.8314911365567029
-0.9476049388866536 -0.8670529943221155
-0.35120481734676295 -0.35715266959875763
-1.1674940988437732 0.5095404609207549
-0.16793174571561983 0.06580202099649499
-0.5763254580107875 -0.2356757742757154
0.7656140151851115 -0.4135365034870362
-0.17087624228564105 -0.6350884270654752
0.6139198339571418 1.8551350447733903
-0.9147883899710142 -0.6628258689648119
0.826645444362948 0.6302523022534373
0.5819121166581965 -0.4169557160686574
1.2281559184071675 0.7856503502574924
-1.3333660598503534 1.151425070108919
0.6728139742235555 -0.48123168739638705
1.166217535237174 1.4023433498562856
0.003422787297320074 -0.2553348486195538
-0.5470213731155299 0.5340990351403772
2.449412977777205 -0.099143728346516
0.7635684442288424 0.18291892285395306
-0.46239177935895803 -0.7864222073640138
1.2420353604014849 -1.3185907026982868
0.20263186277943435 0.009657084065845093
0.11362915244237876 1.0518783102015785
0.15296124384148674 0.13874352626658357
1.7079208754253152 0.6972211462138856
-0.34802806606521486 0.9034966193324173
-0.24950658077403048 -0.7289560253740502
2.0424255855816313 0.3249991645722823
0.5765384124459378 2.2838826434176585
1.2538518207996237 -0.7778843148145143
-0.6851989383160113 -1.2040044849692035
0.7566817901697902 0.10373979184949174
1.3620840930621967 -0.23221265949933417
0.6447341466252506 -0.6609352878310045
-0.3377661731391097 0.10171382982179923
-0.06675109661653723 0.07502491473485232
0.596236741774449 1.1250414704297012
0.0728744132120144 -0.6364996627035697
0.6138223956999099 -0.9218814130838483
0.18808233339016794 -0.2602291673737541
0.9423411756876385 -2.2403220267184905
0.6726788158084132 0.4520193206250231
-1.0790696607222587 -1.422535479711701
0.9790944995535193 -0.2265725414641731
0.6992772698675206 -2.036583797836751
1.6555593181633126 1.7825868280873836
-0.40082692525091906 1.0364092579012363
-0.7330677567773786 -2.121449057736227
-1.1169395258075756 0.12617896989680133
0.20315652706969797 -1.5488145748616493
-0.4494084287393313 0.007793876378628068
-0.4102691491207405 0.36319602722485134
0.5029949003065711 -1.7239735354075425
-0.7930631387220739 -1.1807031718336365
-0.6970125699054935 1.2996528610774867
-0.8999392671641481 -1.501398953177342
-0.015352913479398973 -0.16115700716591963
1.3709109391228125 -0.8551251164621515
-0.3590660890796702 0.5280793921524268
-0.3324127562704229 0.41529443953048534
0.07686903276420681 -1.1823465127824873
-1.6371360954217147 -0.5175868917375266
-0.26202820711327557 2.287635840625027
0.7705212438538487 -0.3916179300208296
0.7904102861752845 1.892972851622654
0.5054517735480756 1.7132940486470476
-0.3217773902444425 0.10467790198018051
-0.284979202733016 -0.5845909843831789
1.794185718714831 0.8091342535883185
0.5940025390964195 -1.386359134515349
0.3459666089019987 2.286865566991837
-1.9775605447227425 1.463088056879124
1.3798035944019746 1.2254366811284017
-0.5327932284901092 0.23281983304611645
1.2318322311076952 -0.6379166051875299
-1.372279546448651 0.7293925556268699
-0.5163098404105764 0.09843899038185204
1.7701742022836484 0.9250024232683718
-0.6930862160166897 1.2594988024658051
-0.07325652228736869 0.47790927400190003
0.6293843176176588 0.431848273402058
-0.1818699586871071 -0.1431941614872543
0.31577345429113496 0.4651773611003328
0.5332839593021584 -0.9658785285263226
-0.48807588798323565 1.985566265011927
-0.6760084514348506 -1.2339240431229688
-1.1778437534211619 -0.31295019475925484
-0.5043081243300718 0.4388734472238534
-2.5413354866142788 -0.015469227604017617
1.0696826548212395 0.3788382010411135
1.0597547688945743 -0.5331721162376984
0.36790517958369295 1.308261976858032
0.46043852449153827 -0.2739131006171619
0.31737038394991623 0.8934355458870628
0.5265080384804618 0.42875708054440903
-0.06528709106185253 0.2078122878993827
0.30543701021494835 -0.6617809996024149
1.1017895333631422 1.3831117717077694
0.21914480138521794 0.18364724538587565
0.18684724089110571 -1.4563718621430515
-0.1683186687210352 0.34058321918886686
0.612608014283274 1.0551159315147012
0.6991587309893057 -0.8354675172490083
0.27069857230791655 -0.05575931537847493
-0.8772293788260497 -2.6068520726773965
0.8232047390325049 0.3460546524343536
0.24641586496127182 1.1236933885976845
0.6963740966589623 0.7185329954123938
0.20848239455079787 0.682747118312882
0.39048369069643735 0.6994260766818208
-0.6366807455547246 -0.17641328862879738
-0.4412969805653083 0.1938585494589287
1.0060372904737733 -1.2475014658616
0.7344460785810262 0.6133228444559267
0.3990348503592159 0.17339068446981562
-0.33988016697621215 0.7072786656050095
0.5264129095372666 -0.4520065766985208
-0.6670922639707847 0.11052845137730187
0.03357257737086903 -1.9250156814386605
-0.27480301911211175 -1.6468744871678773
0.7161315965924611 -0.3916025924644391
1.3346456921515966 0.4128684605758592
0.24007349974680806 -1.265229181419991
-0.3502538114243802 0.2809763488101967
0.028346188608178835 1.1457249186001168
0.1667289614338703 -0.017731990075366365
-0.44004550839882883 0.4896230349503893
0.43396721675555416 -0.7777425870170187
-1.9253680855192612 0.4172495549944632
-1.691263864717557 -0.3317271287119803
0.8158121123395006 -0.6796426392569942
-0.14952327031869206 -0.8524113209658819
0.6390386294064527 1.56994800873675
0.12186039339158027 0.6524537288299666
-0.8153369958730597 0.686422843450403
-0.43829731524389565 1.1146276224857166
-0.8604600184953249 -0.6083201341163489
-0.5488861375948508 -1.2500749703581313
-2.0214521441442908 1.8411618624832238
1.8743771461013914 -0.022349918429890564
0.7918204667665351 -1.1615532720727406
0.07985837937023893 1.3258549200398517
2.3673079408288014 0.5106702742530127
1.8036981820056266 -0.8883461267219512
0.3685993975164131 1.9804348223275867
-0.4957492159546103 0.3717566133191955
0.29495720357258276 -1.1935421865763893
0.0144024338702239 1.7195273375761184
1.6127895767582083 0.3358292158552637
-1.9030390658292675 -0.02643231731318354
-0.17356782911691573 -0.10855580092055855
-0.30255775872109947 -0.4922438116064197
1.1506914648059094 -0.6956817354933138
0.29446449687893494 -1.306284680789526
0.9801294482560954 0.3374553320921033
0.820264048894387 1.3994938391523388
0.3872162403585864 1.1301255971965494
1.7400163981770853 0.4492369861936794
0.3633390429891267 0.7496589942686256
-0.18543182832977131 0.8868078101535164
-1.309269524979039 1.44422338072636
1.0157240279218573 -1.3468544428735283
0.3201070747858267 0.23661991543350056
0.4238390226683175 -0.9325036895859778
-0.938271959973 -1.1214958804856003
0.5878723377081779 0.02306648018394184
-0.3357667439775427 0.5268969838788367
0.015146480595142658 1.6321363150349968
-0.019735890792205803 0.3806103674652923
-1.4129195315759107 -1.2355964285250154
0.15902994133886442 0.6146288990415661
0.7643337189495525 0.30894262308633375
1.5065207296904142 0.5055141979929156
-0.3778698206089298 -1.1283077509957604
-0.4241220293828797 0.49041992027454623
-1.4491253206060601 0.39956727880533793
-2.3858994869311343 1.265582702571453
-0.15730351513668764 -0.33830699755850946
-2.0747486924305725 1.6107006729901405
-0.8351820650432814 -0.9105406300561046
0.3332425474255089 -0.9284208240414112
-0.2120218850074774 -1.315694409583052
1.2695986584908476 0.3858183023976224
0.7959901941184542 -1.194189294481094
-0.3393973669959321 -0.27389777919586383
-0.48166661809508027 0.6568896849964115
-0.7579804857513507 0.4702287715893365
0.26957611647334806 -1.789019822741895
-0.39881200336737405 1.9634734634748012
-0.20236834093051884 0.5034047658632628
0.33171100581592894 0.37391856143013724
0.5263248125855885 0.8251955060614995
0.40400672372387236 -0.13661552188552
-0.04770148838870887 -0.37597189206876347
0.21627809631162348 0.6697280383908101
0.1806421682780901 0.35885301906058403
0.35902713543791986 1.0627339209206759
-2.5603490040940575 1.732620688517445
-0.2199321463249765 -0.25428080678381554
2.0552941753613823 -1.6290441400226627
1.2707677237415886 -0.3903092633858692
0.00553327962798051 -0.048072306460178564
0.07845089836326928 -0.25981440599623573
-1.9457865078462018 -0.8310257688098924
0.6579110096330977 0.15820496855331048
0.021714978469426327 -0.18495198884210698
-1.7639892824704098 -1.1287384364180069
0.2069203073759313 -1.5359515263287
1.5914863782982838 0.9670033276012909
0.23014093629595955 0.6910083453327118
0.4445438380690994 -0.6061155731693092
0.7458145749898035 0.8334000497715778
0.5893822302938581 0.2089720820474557
-2.0000707579755357 -1.5400525448124767
-0.31509857168853994 0.6015246508093103
-0.08424433943021024 0.9035204195442994
-1.0518363246138256 1.1649333909290778
-1.160898713744316 -1.0175451539959208
-0.8475912558737535 0.003382577686426704
0.3248880218746011 -0.5519313797290966
-0.3078464600085724 -1.5114461335196872
-0.012238821685491943 -0.7404451211847056
0.19013133783224934 1.3895295177533615
0.7770845128218502 0.471819317663005
-1.1140395325890957 1.6905920558324055
1.532713072435046 -0.005563548319735568
1.1295380348563744 -0.37996436858895305
-0.8608735428757578 0.5020721235682991
-0.3998386856914482 -0.8989706736648053
0.3246341049416246 0.4208761347146559
0.3736889120286574 1.3379048273203453
0.2861790278425128 -0.6703797623859593
-0.46858187968677484 -0.5155435129950375
-1.3559633376001232 -0.26210616601365067
-1.2498892212128776 0.07508513259391261
-0.6981495405520854 0.12016309528554009
0.08131891937687168 -0.8323100684456662
-1.1578833078043336 0.009582047165020938
2.852569740956201 -0.3219842013883978
0.01776667008890518 -0.28222864601447467
1.4334992826443056 -1.0163329355988224
-0.12332450369711324 0.08650650303594914
0.3751720084879201 0.4064830309086529
1.1978088282966564 0.20055302368279931
-2.2038443154651506 -1.437460503083671
0.7917514550499002 -0.9761119087978375
-1.054381386414058 -1.076142765478721
0.611189090186158 -1.151309724350821
1.3509194192837661 -1.0246363851837759
-0.08570716175259259 -0.8802407017556025
0.9732040947934768 -0.7703623707162874
0.15128741865098075 0.4943769207943243
0.6649652982896644 0.7516698503114053
-0.3131576813714802 1.4205611172707715
0.7979021987699065 -0.33943321816347394
-0.10901372279032838 -2.5286663392478586
1.3220192685219927 1.308011476929914
-0.39094255132469774 -0.44485702179608605
-0.37732991571237673 1.6588459412290506
-1.382003665033749 -0.6193279749362972
-0.13437651135189055 -0.6507071844573765
-0.6360267661849335 1.946669379281484
-0.3655718106751828 1.3116040359082168
1.0165385559219342 0.7110849560966931
-0.7880979504420019 1.5778191135309219
0.9823672016568029 0.0489954622507668
-1.091166926071314 0.2643771281893187
0.7741496738318334 0.9607485444015287
0.05068207660328093 -1.6485266158874183
0.39948963956156563 1.0734578070680798
-0.23409779254065016 -0.7141490088155155
-1.054101788440994 -0.4239794781411137
-0.4162178369084913 0.7858488115598392
0.35271782293973086 -0.25839375752713584
-0.7584916328478672 1.4405999867851238
-0.788184664525335 2.503931964859608
-0.6436127463593149 -0.21243262029109863
0.5877302730899622 1.2298376916105318
-0.5510856560077941 -0.8272869480346754
0.4056670463779006 1.3471359237411538
0.48516854905811774 -0.19560376916816427
-0.8464533850789601 0.4408569206173986
-1.423373608797797 0.18608432293130556
-0.29086203084303475 -1.4624467580888387
0.5041985366768803 -0.5086298769383425
0.3237504786996927 0.09234421864327068
0.4783402926133449 -1.5898794204392337
-0.5628044266846363 0.7869372728483953
2.000631280984262 -1.1572431757208312
-1.462584344034958 0.39113637896269765
-1.0722034407027938 -0.3374332471122703
0.4412933202545856 -0.7552761102873373
-0.5275226576362382 0.14560521485167993
1.9747205241440047 -2.3366836133118194
-0.3477119563796757 -0.11791559953500966
0.3190492635463561 0.9745592622877202
1.8845461659011244 1.6889496592007627
0.7887961536137049 1.292185284704198
-0.312178872813908 1.2730734064778653
1.34550513538446 -0.5285992002070543
-1.2176712928046276 -0.37511960038200737
1.0834526067818695 -0.3637284082937768
-0.3537326793076002 0.4049280721611273
0.5482129184885886 1.0101447520633475
-1.1035000648669968 0.022897696442042897
1.0377584672683362 1.548325972766777
-1.1629058681047029 0.46076324491259224
0.5524120586678941 -0.3710964983220937
0.1016746533368273 -1.1324999292075333
-1.2468561852695597 0.6686091908595216
-0.3610480475517888 -1.124807101018224
0.35659626659913546 1.84638591868974
0.39092011717165615 2.073969889238066
0.9543316594640137 1.0967961971109694
0.6239345324886942 -0.8243684302232553
1.322011545234981 0.4990950069167137
0.17900355572110804 0.3555508130392374
-0.814565576053751 1.3283355936115322
2.876666540822075 0.3018824655850383
0.3221779304453763 -1.4990850541135465
1.125016872862758 -0.06307666627422032
-0.45737120420799937 0.8159010552137982
0.542130696227856 -0.47249860025686347
-1.19694771140075 1.0473683523522945
0.2951891723228757 -0.8742295566830178
-0.5477497952205225 1.7627871351601714
0.5902495142410376 -1.1365183438045316
-0.024590631592176816 -0.8896647339152988
1.4453711806246061 0.4959215979920817
0.36233921443910183 -0.07649373687950686
-0.26662989065852516 1.1841496954777553
-1.0168882948221574 -0.06749598233058414
0.0487300181526396 -1.6736307012758953
-0.0031459309310674635 0.2751601886277146
0.2592827279110817 0.15580176262706177
0.243919668953604 -1.3359041396485918
0.9983747884318637 -1.1193801799562313
1.0473157796011334 0.12979022926906236
-1.5639569109190263 0.5944920408739054
-1.2893590640826473 -0.5412863451486088
-1.5431899959076134 0.9862151023025457
0.36426479311757715 -0.8658365424851904
-0.24679873741400776 -2.318387376799949
-0.7280671749286122 0.28449970780580003
0.41724496799162314 -0.2618357038703554
-0.20798511941958978 0.1665557485032968
0.13303248808791826 0.8395291823566248
0.07422866175127779 -0.3616104007975483
-0.13692895516236023 0.6558215331332727
1.6878569629834315 0.9287317880206166
-1.074014826612601 -2.1729031163009287
-1.0958316866656055 0.21318725147477316
0.38955406560509137 -0.010699583580423994
0.3549318170246516 1.1916523163989592
0.7138211454444575 -0.3141706660932525
-0.24393045432655758 0.35978242486774786
1.270072308907691 -0.113930579429771
0.6309476159643471 -1.253184080667257
-1.2644934312687004 0.35521049757630563
0.02347253412462294 0.39920365511595
-1.1208225762411144 1.0022251025689373
-1.7689825237018846 -0.8627353212775646
0.1571807213637623 1.0185257204138118
-1.862789054465551 0.8453705106519465
-0.7224974111218864 -0.6776914246986195
-1.3665982488568649 -1.304582719314387
-0.6103269724297314 -0.46126604935457854
-1.3433609879324477 1.051015559053275
2.571102005510281 0.20609842847356236
-0.480829238489417 2.020670305526485
0.4047815014994586 0.7648767367773032
0.171388802350422 1.2795335745387943
-0.3295197037823383 -0.1426860849855327
0.3454648680570838 -0.9486387119794246
-1.0725469775260965 -0.2850684424559041
1.490819811471262 -0.6159581526961434
-0.22985930355014347 0.9890317649612668
-0.9190859008379229 -0.3818572654612258
1.3858882654261357 -1.6249118960679607
0.7478337808741696 -0.6927136595784624
0.05666804333015367 -0.3496052692226812
-0.37935745807241283 -1.6539409520382131
0.14420605465878059 -1.1394080945365972
-0.24781717709356413 -0.2478099894307397
-0.7113870099192641 -0.6365209410069033
0.08205021666749981 0.20960288224771217
1.5183197089011369 -0.7170508062705692
-0.29132349157402676 -0.7101499225854528
1.8665070860881845 1.2338991702442528
-0.40729958674929445 -0.6665788783578
-2.039043644193932 -0.13589442089596926
0.3947232532501965 0.5370627740971148
-0.06446111747368709 0.9048903670647638
-0.3476614244623342 -1.0755193329712602
-0.2786283873004297 -0.7886481183916559
-0.24317393069351076 0.16856870659939285
-0.14598990294983621 -0.77523802917406
0.8029337373422205 -1.0689039980576378
0.06328519450440812 -0.7261227787975018
0.6020419559435963 -1.9801059061636206
-0.5947900737875267 0.2510277459912796
-0.9649365549496156 -0.784541875367676
0.7751783669955418 -0.6179755566138962
-0.5507231925293566 -0.8049129262689019
-0.7410328525182984 -1.4818153344541733
1.8823010152111714 1.0596640874447814
0.700817090210793 0.6932676615094678
-1.3011886209287788 -0.35189693552621976
-0.1179572019775251 0.1938062145710434
-1.1055524626651168 -0.38730703199184485
0.03777903408802553 0.36898293346305316
2.120280689647481 -0.939858965218955
0.8230799569076719 0.6579248444447011
0.9144282194870504 0.5878542376965509
0.8382739045875083 -0.8732562430932346
0.9825976529544104 1.7063338415330216
1.6874089157741505 -0.3355270689264022
0.11906332236663764 0.6264770244508262
-0.6374940604692462 0.3819776346296373
-0.32871456264673987 -0.6383514599333154
-0.8264551757592096 -0.13479744138237268
0.09372932355782794 -1.475911355210593
-0.9260803204575399 0.07737650406567179
0.02452623497922343 -0.3914446824796078
-0.6332198837806853 -0.27011658533909066
0.6072675453875481 0.24336331056027308
0.35843824643063515 -2.3416590101031036
-0.7202854549080557 -0.09999927531234983
-0.43078442404018596 0.12899719752856945
-0.19716782291998472 -0.8593771628567628
-1.2101267440883898 -1.0072917635744099
-0.26983239447532387 -0.5501655987303735
-2.041494133466307 -0.6912009500274938
-0.5544134156389727 0.4482228597976459
-1.0966422934763191 -0.34697154210574566
-0.229570289578762 0.8315387183694687
-0.6091065945326252 -0.4516506348861342
1.8024169875709153 -1.1959786189950363
0.1112525612383903 0.15271430109558534
0.1207603440552789 -0.2367330582531991
0.28749772714542843 0.2956718429052948
0.08130045232801462 -0.5211830810295163
-0.285505789525057 0.5947906980138854
-0.18205698869732176 0.3801964274417126
-0.9236371961517327 1.5725906733262973
-0.17240809623589956 0.748017541188547
-0.009261927009167203 1.027327719673529
0.7269467925524041 -2.5089149714343146
-0.646208022814271 -1.3381129756168888
0.5394293260613147 -1.0672965672556658
-0.05605600816184668 -0.5621871089020324
0.9273683916652936 0.21679151511193162
-2.1744068537871892 -0.3027632903629158
-0.7909458129784726 -0.12120889641230484
-0.9542275304909656 -1.9482737442529627
0.5975863938891017 1.0966574680568628
-0.910184945715711 -1.143618049488867
-1.7971663175695807 0.15065155578148123
-0.5948583033344282 -0.6147096496939399
1.5638014466037924 -1.7428910082918456
-1.1912594844575093 0.2821592604652977
0.013811373334606658 -1.0061088182041569
-0.39319992713107443 -0.3237664142989402
-0.31708596002517075 -0.3400979223674541
1.5189345539308092 -1.1598104019797786
-0.28016103309376394 -2.3300270720071765
0.026899140377536424 -0.7559473847880889
-1.400444423047097 -0.2575566309173477
0.168700634529209 -0.008525898416649877
-0.10034066365035234 -0.09306909302947661
-0.07245313055249836 0.16938601466955494
-2.156525322568709 -0.12475989929250952
-0.05617183530818202 1.9139959787523517
-0.07781660259997755 0.417637588212568
-0.6672094139957435 -0.9439175239969924
-1.9809573485619527 1.0858057939831272
-0.8858913371003726 -0.8683882528041121
1.7182823483232164 0.9037282729727486
-1.8376964592342129 -0.6635390998561435
-2.123479133232114 0.8061340098398686
0.4905504411056386 -0.9736060674039964
0.2748129404620346 -0.5430908154311522
1.4243310697352216 1.3385457899356175
-0.9024117466067029 1.3627486804606206
-1.1260571564538944 0.6615798314301593
-0.34120829815375914 -2.033536738809603
0.8567004425972636 0.11013648126479719
-0.5169919060080383 -0.3793637537746834
0.19118185925450043 0.5069206728734323
2.829601572794874 -0.9017839989333452
0.8788548066524758 1.6501649411323416
-2.4183972421596733 1.68474683818078
1.136201182417145 -1.006464274708897
-0.2959396761867495 0.7872957359424012
0.9896431682055403 1.5379397104057928
-0.09212768121288707 1.132205467217712
-1.1079265680561756 0.3795585194698277
-0.6643103198214818 1.0773289234015666
0.43341545474283477 -0.43818000028956916
-1.795553480322149 1.1557364246047765
-0.31808398401848165 1.750767694236744
-0.29436866706426057 -0.14827279498549145
-0.429293214865338 1.0121152120902825
0.32524976174983317 1.3679460422307412
0.8029719392384974 0.26481653310034836
0.5926710814745999 -1.7706731573739423
-0.6653964337930273 -0.44686547263351245
-0.6740326618065501 -0.031230873549849644
1.5813265249290922 -0.03962294509202221
-1.0599459450844966 -1.484568679681437
-0.505863193303984 -0.7444825159233852
1.210383221175252 0.5226215440454673
1.5907143629921057 0.6337299871457122
0.11607833912281688 -0.06986440306692344
0.3681543891554079 2.1802718358405073
-0.5993853368263963 -0.669377180496599
-0.4912470179033737 -2.1394790895101887
-0.5611852549187734 -0.18478551876185403
-0.9485617927460417 1.4064826197579716
-1.0395448391663915 -0.17338575992343763
-1.3537122404515085 -0.8260375912239347
0.010871059321378128 0.5455402106738535
-0.8696576642903338 -0.06130692499166125
0.9328990677807217 -0.7743229919916487
1.647094270465932 -0.4005942277783792
-0.4235947104245827 0.22366678177957658
2.880173448165089 0.032482483843000544
-0.5933356731472319 -1.3682774852160395
0.6174920411420599 -0.18302963067539194
-0.914703777871175 -0.15468160690291782
0.1978952503903929 0.046195987482249866
-0.1786802369919743 -0.40046870127998346
1.10363384249014 0.4549421126223168
0.88632607076526 -0.4340972064152185
0.08185782722544442 0.3321868954508157
0.10415409382131192 -0.008216868728501156
0.7946597452087506 -0.1271544587635583
-1.7870521901248135 -1.2745369949932173
-0.98590699034481 1.3237126465365108
1.6980038128254666 -1.0695257124768762
-0.1952108282608428 1.5178250391751835
1.8898009789229508 0.6652166482089749
0.5963746664688363 0.3261682418433213
-0.3985080037058382 0.8719934907096637
-1.6713011498197505 -1.400075570848771
2.280244026155816 0.4691977335598174
-0.4769731001365706 2.0903433467829227
0.12271888940264969 0.5374205803835205
-2.0765453571717862 -1.2761355971597883
1.3589839699817508 -1.524944058173259
-1.0821732363911558 -0.827473229091997
1.9096949468140063 0.19195555428925945
1.632664777347148 -0.7185605166783958
0.6666262210632538 -0.3732267987107621
-0.9518311839892518 2.0596146187721955
-0.9498345426229576 0.4555898629841746
-1.6481994730731606 0.6908143390863128
-0.27992485105255716 1.2913444429882803
0.14646008366979293 -1.0647949299741748
0.4398199362132449 0.01869696520620476
1.7601092613564073 0.9509768232825127
0.17024743860425848 -0.9820377593902369
-0.6334464067197778 0.23522978577235348
0.5648849398938635 -0.008628719753376339
0.8568368701336868 -0.7986365672306565
-0.5929262106474555 -1.1753366738715725
0.9346922769302897 -0.5339955753089682
1.2351082614331825 -0.6283853805592731
1.0400768051085412 -0.07707498181727514
0.6006319540814198 -1.108215744512398
0.6811575777438683 3.023836338806343
0.8188910684653046 1.3749908044737218
0.23727126255445635 -0.48110509973431664
-0.008736630479925182 0.438004223231471
-0.44408781448740176 1.5006143927063202
0.5728354048420441 -0.7044334422349374
0.35219364637225403 -0.17476835491084972
-0.2675134596866376 0.9084978351955855
-1.694124381908535 0.4864744242464134
-1.9829939162443544 2.2967107600014756
0.11658854320867078 2.084544873169385
0.6192347364718523 0.1832642302381786
1.2331363875756907 -0.6987990684708307
-0.5586343316097138 1.1970331244188965
-1.1840534131027045 0.15370129723364945
0.3125006278007221 0.5016647733057857
-0.7737447894463774 -1.0916583034302818
-0.3883008460473319 -0.6900610803705388
0.14409489806413694 -0.7128569701765576
1.6069125090830005 0.23310530705949042
-1.814645432614071 -1.4948099847229361
0.1482329591572442 0.9372747352234182
-0.5843410560186997 2.3145625374019536
0.23590933633835667 0.8011208857693616
-1.2338328574820236 -1.0182275684642208
1.1052929652339591 -1.6266209860471328
-0.6406654013433061 -0.4690655994563643
0.2906291862884267 1.3931649062596276
0.3786045113101554 -0.5906803651297119
-0.48157193943675974 -0.9300864926721162
0.558512347233422 -0.09648362268280737
0.7517806427563389 -1.091371219576756
0.45254008434638293 0.4117725820325266
1.4833815175085663 0.614576689939424
0.570347210962003 1.2046527327997945
-1.192267496608799 -0.9013237671817529
-0.7128133430547116 0.9019505778107402
0.8027036847109019 -0.6583469564376971
-0.2445694813655508 1.3497803992588029
1.3872316075518762 -0.4894178963147912
-0.6097338142607014 -2.401500536278492
-0.3981622468309189 1.4307906561484938
0.6748444543170717 -0.5116945832468178
-1.4945588508834893 -0.1941242833058511
-1.1035929119452417 -0.21036233011028427
-0.4309655256813508 0.8586304465830549
2.3488184818567035 -0.8302394372889438
-1.2535555624331953 -0.22657890661154315
-1.7834737811091474 -0.7830499669959216
0.453860368967159 0.8501610845377331
-0.10358697295858087 -0.8188506107225078
0.2588013742323502 -1.2881649203074998
-0.47326900558794954 -1.098691110625867
0.01195997964040054 -0.26624752958627534
-0.6212682724866598 0.529911348216923
0.4755778702314275 1.6337531095910485
0.22494737927114902 -1.4233856281479964
0.42611293697556474 1.1003743507770725
-0.139315459047806 -0.5574973342518221
-0.7307018905733637 1.3296619069819613
-1.1073935135334536 0.30672081878402924
0.16623202498174883 0.6169244629353545
1.1861711642964619 1.23922838743118
-1.2109361702542414 -0.4257998510975773
-1.2263196562032312 0.07642804206477222
-1.35522103176801 0.8230133394902538
-0.7340414998306566 -0.4542351677720185
0.5541714715623525 -1.5173938185087035
-1.598380824153549 0.11459909201399275
-1.416065665459325 -0.3960701950815184
1.2198976471594005 0.4292277532433636
0.557695977540804 -0.48528758205066036
0.3876686080020922 2.6131091519814587
-0.5383585405127989 -1.4906511669981493
-0.5079066058050719 -0.452558774595752
0.1468094043093709 0.01162657663013795
2.4963344526265927 1.3835416027938647
-1.1034913021948374 -0.4241217558199405
-1.1761841329812386 -0.8726889390549571
-0.2062290559577221 2.6107484108921057
0.6106023980587387 -0.5127727083098493
0.8359531502477237 -1.2587284520613746
-0.3308258649768171 0.0033184845811727232
-0.9080375527379038 -1.6270088568814964
-0.4403830883414751 1.0775056513987096
0.29527971401347014 -0.0882195626605576
0.6005204530858143 -0.009536030332174051
1.784851170092778 -1.5674777076970445
0.3533659637227175 -1.3483024428324348
1.0892801459504255 0.5597171163643201
-1.0061656052050478 0.30940945257335867
0.23606565192867598 -0.5516005021444593
-0.043430943204525826 -0.277661181174577
-0.12575776002900943 -1.6748118634620766
0.5454304991307215 0.30441200685653974
0.4450053058036004 -0.5021541035948967
-1.1000873180468944 0.9390258053032474
-0.758871442540376 0.7605566783105352
-1.7668747566493859 1.2606606227974744
-0.06876898412558911 0.8767074830561014
-0.06812861678056799 0.0796072449581925
0.7049211931474632 1.142069522310768
0.5177883519741421 0.28136738366328184
0.5682095817057092 -1.7487649539670191
0.27683951127543127 -0.39671567857881895
0.013452395465978805 -1.0395813974394232
-0.24013536380295367 0.888185415060963
-1.333415192572079 -0.7351178536890097
0.9234563692412688 0.1910006920284771
-0.848735949809517 -0.9634255190350115
1.3891420587373093 0.27047136211045486
-0.07733374402681904 1.770116453247992
-0.17257867528366194 -1.305562438014397
0.33943878106783637 0.8149876403982509
0.9742166288434799 -0.9550109826600874
1.5843139209593027 0.03797919176469528
-0.14041727383525673 2.1543177585428537
0.04692474771685368 0.12643066160953353
-0.9088549782083338 0.9668224053164144
1.1160259579934237 1.156160458552972
-0.7679481256856625 0.36058535137237463
1.4452515440076008 0.19770658657568407
0.1783927322151303 1.6304714356301149
1.9677062561717087 -0.4063559231685726
0.39596016681482943 -0.4008421968124366
-1.9756518096083564 1.7835593176993805
-0.07875349453076899 -2.451612508062671
-0.8806876662690439 0.7569867131789089
-0.3146545481679737 -0.06362919659345911
-1.786714969244618 -1.0946995182396615
-1.0829495316870186 -0.11373894633954736
0.8913763077478141 -2.3286737477856114
0.46398912128000935 0.05210737839198155
-0.5902042676987626 -0.15111187524896322
-0.3060702637849564 2.977676844751413
-1.549072513597759 -0.10134861967851082
1.8394225914057367 -0.5022333480249171
1.5004843822734133 -0.8721278624687516
-0.7090459127886476 -0.182406460048315
-0.057726550666004225 -1.6902728839043384
0.924703545411267 -1.0867576904484697
-1.0851620499540444 -1.6104193090624788
0.9946005724819523 2.14463060909866
0.7936667550662784 0.6411027828768422
-0.8127549439242542 0.1967299842460977
1.2435482491111929 -0.3121949275967336
0.748221008733472 -0.7320535079081257
-2.116638385487691 -0.20248536090241243
-0.8212589134766567 0.6681010664185635
-1.3364002154641272 -0.4360517423386063
-1.3301600294917701 -1.799943299276658
0.20537657440023033 0.5355379011139875
-1.158681297551101 1.2977656384671974
-1.660066652414747 0.6703980304469194
-0.7865285039018229 0.9988586128823819
-1.7245096054814155 -0.4607951642250655
-1.2378285265872464 1.354628805907229
-0.029971039569135525 -0.023729152082703955
-1.3440631465637591 0.7056016065488526
0.8145645018922161 0.263032622802681
0.9771299217135919 -1.9636890378229932
-1.460566882327835 0.03042841815049365
0.21510925014885668 1.0242767379829885
0.6169773758990628 -1.8114621517961516
-0.14801263784501492 -1.5332011642941648
0.3100612638411457 -0.15413902356316833
0.371385602987153 -0.7795756776525288
-0.687093092063907 0.8981145645147401
-1.4668566904265794 -0.6495163305314098
-0.5267831295192958 -0.2072386549539707
0.39658383290109955 -0.6528718845895927
-0.5284567008191591 0.9452036146048579
-0.5019540192392594 -0.7623660824639594
-0.38068032636618215 1.3870922118933022
0.9329378693511717 0.5345699100512535
-0.4445133130630196 -1.2768079536339974
-1.289001861537072 -0.27494912900446117
0.18489923536832423 0.25633716129011497
-2.336753628368903 0.5177178272943079
0.7932070764870757 -1.8715027910214947
0.07985454340385238 0.03216787771563531
0.8806218205159628 -0.5668098996418633
0.8789519688429678 2.266709384651457
0.06698793534723715 -1.3323914983129415
0.7101180473608254 0.3595816432493108
-0.9498158727645486 -0.6250059027742074
-0.44565108520359875 1.070529572137753
-1.780210613544189 0.43867398247571127
0.6421151929391222 1.327351062394866
-0.14579681233768357 -1.3091496490184493
-1.1033283300330605 2.08123814632263
0.6616061197367359 1.0485457722045186
1.80268844598493 1.1663005213665638
-0.7693709717926354 -0.26148190182777087
-0.8117180391207276 0.9445587429579548
-2.246116377086758 -0.4426951636278056
-0.5374834051925389 -0.7678171611728672
0.16229490456582005 -0.6190956243010872
0.18280363991218154 0.5174722643351515
0.9259485265902366 -0.5408389407907046
-1.0658080997092583 0.5037526950948406
-0.6071365644216009 1.3907958947991916
0.3565881885008983 0.4661118481079337
-0.4017643000686285 1.3806647357976005
0.22540675250305636 -0.0024650423196944152
0.9783019693007582 1.3123727019228084
0.1550320577507354 -0.5073336300274526
-0.16937534503097013 0.022126076404430105
0.6861620842767694 1.4347084696814594
-0.051229749677746926 0.4158171679532125
0.9992786033001152 0.4883082063856838
2.056191260802143 0.5969371480942536
-0.6077886681147499 1.4358807826197932
1.671525437501158 -0.4996928046636402
2.4011579697137035 1.1333968382314061
0.2523459704750376 -1.5624237204117035
-0.2802225092420412 -1.1706921323252228
0.7426963306990184 1.8520094509972793
1.3653931542780986 -0.5168527059296395
1.400156424010839 -0.5354559347225144
0.3473206794052015 -0.2523621565289146
-0.8653340958442708 0.20632505484058014
2.2193213805149123 0.23856710143963747
-0.35413053310448295 -0.6176384643414929
0.8814388655965198 -0.7041774445157161
-1.3074348369315572 -0.5616820257260651
0.024767101783237717 1.068645743149663
-1.5619793822496277 1.6862065479800448
-0.5766735563599501 0.5312839468472349
0.5571395521022752 1.530149134483822
-1.3412321661081623 -1.5104886839987604
0.16133070996763305 -0.4797786368496523
1.089405324286205 -0.8022511475703639
-0.9124753225280589 -0.4618826164041091
0.7219673932539741 -1.454444325988534
0.04590659415465875 1.7700167074707753
-0.8906378658124663 0.45969148984601194
0.9626838805960626 0.22642565961207692
1.9420222056568357 1.1348725109389994
-1.4994726421299953 -1.3233441682722864
0.5298995915631544 0.6258863223433336
-0.722109526704107 0.7264690083625933
-1.0630286876202275 1.8269797831947767
0.2933392406578943 0.2596101197201886
0.6092630724345948 0.004778843694638266
1.0372252659973122 1.1880799243073694
-1.1475838104316298 0.05787318829746617
-0.024894430248464793 -0.1318128764341705
0.17824177511373046 -2.9585836064499937
-0.49869723251958564 1.2475794989227418
-0.7873761819157812 1.021890754436983
-0.5410343565635042 -0.8570944914262703
-1.0494076207259107 0.2559449922881228
-1.056693527151611 -0.6619331216669812
-0.48444000839804413 0.4981961273154972
-0.3300453949013382 -0.8217021155325291
0.7106847313889455 -0.7818660552420379
0.690055648161084 -1.5508171476215344
-0.9203639648256071 0.186984471525802
-0.009495030489776863 1.1833205196010923
-0.8955677953767522 -2.021797856285487
1.3158415300454993 0.4156413453809311
-2.1353531176344434 0.9576204368766233
0.9741889762452814 -0.2813252180984365
0.27563272509727005 0.8361308519424869
-1.4597493168957971 -0.9731623908433611
0.7236418732072945 -2.027115975809794
0.4458054040631491 1.407409862582295
-0.15642751612283082 0.2554432225993241
-1.2451185964226437 -0.8865285751001071
-1.0343612816269832 0.18480847156330027
