200
1.3180500623814342 -0.4524012543912481
0.39577787102916834 -0.2328331810807123
0.6605365446432795 -1.2276214220455193
-0.5926135362274781 0.3849093339181049
1.7169575829372525 1.9788126144438254
0.07698703826500691 0.07175617013391328
0.7611746483564439 -0.9437720467558487
0.3191327820158132 0.008352891307623381
0.13107444766016826 0.7959999330627563
0.46131484502173176 0.5057190205241081
-0.5353967254778079 -0.507106903894592
-1.2943190160056848 -0.0710298095591351
-1.0051634609468527 -2.3204790559575805
0.6753955301507659 -0.13324241665153155
0.5820117063584223 -0.6306431560114484
0.28981705832400373 -0.013725227258520337
-0.6364652735779998 -0.7446915056485625
0.60553344777285 -1.1054228797560026
0.4250277380508186 0.9585953592791215
-0.5695683427223889 0.2858261609287919
1.1845015200549067 1.984845652556149
-0.17308636150187764 0.7088926650703667
-1.6891425169820042 0.9966017543091554
-0.38186358588156616 -0.21137211191597144
0.5971928902926106 -1.365988252515169
1.803037866493116 -0.2519802339150639
0.12687909406850043 -0.6757544449997446
0.34835532853805645 -0.5372174834120176
1.0949366748862617 0.7369345742048786
-0.5117076722971148 -0.10794192713636436
-0.5137542282294844 -0.46804295786850164
-0.30432726774131497 -1.8345765165677752
0.8689345889685444 0.43372852826399305
0.424361432774212 -0.694490994676962
0.6523201136970389 0.9000124930867319
0.4946373874537101 0.8022182538545927
0.7935904946912288 1.8715240566036206
0.9043566714966245 0.9879383927290668
0.7293383467591372 -0.05688389359889132
-1.3260631519475181 0.9144909576614423
0.5157836190626208 -0.2342353562643442
0.843150211036164 1.6988571572808049
-0.07321922465000726 0.25328326428740233
1.2830573878562361 0.12321118454671244
-1.2803251581151487 0.8067708480199228
-3.006299740647334 0.8867159393000119
-0.10566856813007747 -1.0918053605036808
1.017395627098011 0.8924430287659637
-0.580912827135293 -0.7369636278519314
-0.012853324792858525 -0.7805430866607972
1.7947241775793112 0.1329543229645478
-0.931091020826955 1.3071113081316859
-0.7944262503103453 -0.44794019190274986
0.5635653760091939 0.4744899338199418
-1.0806795224722614 -1.7697553308792016
0.010826093440737585 1.3203723847908435
1.2720676410618001 0.20498320907512932
-1.4408284405163287 0.8633759464816514
0.8407929151973259 0.8604310286470437
-1.0577149476326317 -1.1730007103700884
-1.2571488668255735 -1.5423881921188998
0.5868289990932996 0.2995563971004995
0.2441142784399626 0.50765914769423
-0.2943604441882832 0.7247372028621196
0.19397997898839642 -0.31625665457594154
-0.19441225126255327 -1.5319078748822257
1.038162558368046 0.017721724375951972
1.4703164724918 -1.0526062077529685
-0.14680882303621481 -1.8196857175428456
0.8114279274762783 -0.752183480620862
-0.2179006333461911 0.5100300284771606
-0.350325096916665 0.6276481481083676
0.5083618337290978 -0.20277398538355743
0.22807219355880284 2.2615782534062983
-0.4935132149034354 -1.283425463010833
-1.6042856783415804 0.7329102424511523
-0.36624246296144447 2.830330968636519
-0.15663085454612224 0.6417526182601616
0.5435313651978516 0.9689159746568896
-0.6250693960323885 0.8545414229643928
0.9247286875201148 0.8305533138682333
0.5055886506282667 1.0495250614556106
1.1759950830274948 1.4165828885906075
0.5263051577531036 0.8098005836246392
3.2019196183789433 -0.5212300270910795
1.5859392280724278 -0.6680507494872072
-1.8449020106089244 0.06424804395338393
-1.4122193074858624 -0.9808497136670818
0.08764730842338543 1.924603901483071
0.767843483740765 2.2311527763761507
-0.45505306515914257 0.07031346430173693
0.5401621890575885 -0.011377652097303678
0.05299799421693163 0.3857280189284747
-0.4608530185149698 0.7269235321346931
-0.44735904392656933 -1.1481860852421704
0.10418988088632376 1.178858545102292
-0.05297110400576872 1.254386496174046
0.15019768401724456 0.08351551381244879
-0.6263544383583568 -1.0815045012094686
-0.4299580995451536 0.4817581076423452
-0.911097122049969 -0.10096253789802631
-0.6328954868032445 0.09686180640404259
2.2388043413329313 0.580388223911527
0.18249438880386573 0.18096524602834194
-1.7309125591157466 1.0358743838198747
-0.08485416796208423 1.2624049011286687
0.9977447211794562 -0.3072624176829311
-1.4672317402345076 0.5388037087319412
1.3609452331689322 -0.989507366825955
0.5608850194550257 0.2347670807479186
1.3189763400357117 0.9556182172410175
-2.537605574703575 1.3759948618836886
0.8918653176941064 -0.7816793341776789
0.675208473501421 0.6631264171901898
-0.29223674039213 -1.0459388612018103
-0.08910753014871099 -1.2968419556217659
0.0975539968353109 -0.021794429677248185
-0.4810143978469212 0.5298744687765913
-0.4374977497989307 -0.050301611569126506
-1.1750695544549148 -0.8335196252471566
-0.2579900965611721 -0.3621715325344082
-0.9166516269043079 0.13943562893971034
-1.204783589378109 -0.470606053794496
-1.604577107329051 -0.2508352419884234
1.1710279004603261 -0.9075635333825518
0.37914324256295207 -1.1950646029433738
-0.7948702169474526 -2.962212037377874
1.8741083844140778 2.041751752678203
1.5618388334621276 0.7866033681498111
1.930930498214297 0.34892324211973264
0.22554037265144372 -0.37331025819672337
0.22746319446015362 0.9132003388097003
0.4311776382278194 0.23527386353470395
0.030665749143846226 0.6495870487699215
0.9696581069597738 1.2824681087617653
0.5249503005377119 1.4580576624822352
0.592673491798865 -1.6490996405797864
-1.297830066548863 0.6566134438625763
1.0187884004364327 0.42769697965195574
0.06430887565032456 -0.32763924119337456
-1.2528554999302348 -2.966224630227713
-0.2973928766047883 1.1762367435298005
0.2135692593105645 0.30177410288726386
0.07511219037594638 0.16538617590983976
-0.8099999807192784 -0.00032862287878541785
-0.41364170796199945 -1.6384761120563933
0.713644496379322 -0.11425931056061264
0.3428239387765407 0.601449188264997
-1.1161755574305552 -0.4282369125596523
-0.7636120914042782 0.5714521587706328
1.871937532290712 0.8861023009430498
-1.93650881507549 0.4167301575005285
-0.6764726627514641 -0.21011275348061523
-0.6818018631653644 -1.6388351635725589
0.1336566833140594 0.7998853329417253
-0.776155842442228 0.5538089227069033
-0.2013987986677667 -0.5870299531642638
1.3158234601543113 0.4170260339116878
-0.04627467732060134 0.4955251515641473
0.5579589778369518 0.5895567294154289
0.0071131746502716316 1.3905208216456642
-0.21336506649631864 1.4623213499310668
1.443879166869202 1.1070047682502722
-1.0810647021701763 -1.9251402577623242
-0.29513380254335764 1.4070223261138346
-0.018546514461729363 1.5314368397357558
-0.6021217556768791 -0.7956252984292921
-0.08945444806803 1.9859311543280684
0.4987414523460444 0.46626853136276697
-1.6259140132703838 0.027810265039508654
-0.8282023965377913 1.5461945706089266
-0.8357494659643054 -0.07279380852675257
-0.5246602142076683 -0.7883349878721885
0.143612305201473 1.0745388901104909
-0.7973048778730859 -1.0229326498262623
1.6964012284728454 0.05224722473253753
-0.5511580477954904 0.6236572657037602
-0.6258936898772276 -0.3766417189074411
-1.1108586017443678 0.7505495413878036
-2.440660231839941 1.7121402198135725
0.21130928260457674 0.3834629182488679
0.12012770518866628 0.808505170689008
0.1843950129383056 1.109542934339742
0.5736039992887082 0.04232123806036358
-1.2682665654252436 -2.386819487454435
0.4100852685893395 0.028180663674776202
1.1155532430713844 0.14632307086588722
0.9068376013272172 -1.0203824445643785
-0.9689294388791925 0.9426502589640076
0.1800052421267216 -0.9560226746421818
0.09352900379588346 1.2299714234358141
0.9376671714425944 -1.9550088546253799
0.9743391544275536 0.00775404215645062
0.15262881432036396 -0.10230124754849933
0.8152645484229044 1.7863635536230626
-0.0674292313058486 0.5050828157219374
0.5412332132301376 -1.3945267459934498
-0.3681336850580007 1.4651439077433368
-0.2888776851408017 -0.7430881414467916
-0.9944231210037837 1.2039425964954014
