200
5.097111411015255 -0.981111119607222
-7.883608250639179 4.941248111002458
-7.825638320912317 4.896031915241206
-5.342024120460374 8.250947252186151
-8.370648178070827 4.624816883164776
0.6386639020077285 2.598999449538027
0.45312841835738515 1.933823929736215
-0.6820075900352043 -6.514822411170877
-4.370143602121332 -5.935219813945239
6.0455271729329185 -0.012431742311103
0.06435837246744125 2.5351696545511357
-0.20420308964204248 1.9425976707461983
-3.778182262667473 -6.49408238612771
-5.7436483909051885 7.128007273180599
2.0378296680678507 -3.9117502063146268
-5.558163272444744 7.351087858313074
1.3613251571667595 -3.6837894083484195
-3.2404891096836748 -5.272115797549128
3.0511857270466898 -4.554879258572411
2.007422843966724 1.1005637527752827
-5.125375852931754 -5.401779293717268
-5.152180457716746 8.328062167509128
8.02587418033677 -3.7999780659862754
-1.1467686472306193 -7.292050781454783
4.784504689139329 -0.4122111135584603
-4.9622726820571925 7.842098886073468
-5.761938333687142 7.354277515763262
-3.764875794304422 -6.6692317487373725
2.742174248049257 0.880088625140981
-3.439366688598146 -4.683280209444609
-8.759197967218304 4.120384752631648
-8.653048660718008 4.738932713392471
-5.524737262572939 8.379873148782131
-1.8279758420967418 -3.88912165519499
-5.524650032273786 7.196659596458376
-1.7946807886527545 -4.305936336449213
-2.000870116766779 -3.471856101531217
-1.2609356540181738 -6.255521865817725
1.1257676098373697 -4.770338445158698
2.4088299228312104 -4.187870771728496
-6.346600458233057 7.000906984318618
1.899094321628449 -3.096405582053478
-8.268512198022684 4.785750673066571
-6.322073078368885 7.94552022177539
7.274451449231149 -4.190564304334474
5.072761726783645 -0.08453859678788589
-7.5814296731850055 8.84583800126642
-4.831763877834315 -6.223649841882616
8.20066635991642 -4.985177325371688
4.2494663508020984 -0.08038371492898316
-1.1782990551049717 -4.184123365034579
-8.085403798383307 4.07787937681414
6.159457101831819 0.6474203536870824
-8.594759500031696 4.50436284639032
1.848902006560946 -5.1140203862521245
2.4314960766454643 1.5744312443014372
-1.7309914498912211 -6.8550861379146735
-6.010043578569913 7.87774408670816
-7.8391082863584165 5.1395127744829665
-8.458692680318977 4.284160066648828
-5.398369134337189 8.189824153580306
-3.1341291793813726 -5.792615983330981
-6.224632853264753 8.22616633801068
-4.844538785677141 -4.5486087673553035
-1.459760117858302 -4.000881207909098
-5.499693664953498 7.627909206957138
-4.822439974361657 -6.589504760383265
3.2600557404458836 1.448118837860064
-3.490232854047099 -6.628681760027269
-5.612261941971791 8.35156549961686
6.698224983858114 -3.8068240994724594
-4.71209776745214 7.547398597258127
5.261857660406685 0.334957136646117
-4.8765307909100395 7.71131036242018
-5.92991528410596 9.728282222990595
-3.9376644948585873 -6.0376743764893765
-4.244593045506049 -6.916619285543791
-8.982532404050403 5.312939604518961
-1.590095150171026 -6.5822839911628765
2.0151910205954193 2.143873651592698
1.8765117700873772 -5.288146166136839
-8.751515039377123 5.083622481463371
3.3306023415955393 0.9134220488451422
7.169691878838816 -4.549013875201075
1.9262799460904212 -5.030913118802936
2.982111333376141 -5.427704430835815
-0.4487886981897624 -6.417850423159572
-3.499914706376136 -4.771312140186457
-4.687087112541176 -6.348600855838545
0.25790319259056693 2.0660191853259144
2.660254469222624 1.470757043177845
-1.3616986463989167 -7.197996367092709
-1.0292428857982223 -4.383844904402577
-0.4571487305505587 1.3817225285938473
-2.258565516610541 -6.237421259623961
4.679137557977107 0.6026121222857974
-3.197661306449876 -5.979801670256607
4.3583380272733665 0.8946514447709111
3.1459650024168635 1.9345569846124702
-0.2792670408133024 1.8191814528494215
5.933990607563046 -3.871093881403763
5.073645630485001 -0.11921509920491735
7.073329073870988 -4.841136351672612
-2.2401638966433293 -4.412648973697557
2.5483559993545843 1.627228193687123
-1.1842275034521823 -6.9103975789191265
7.573578813949829 -3.8735450925511787
-4.641638149619769 -5.617635870964575
-4.652740347857506 -5.669073584003671
-9.002918721243605 3.967037738446476
6.361226418148918 1.2474826881187497
1.5801764490254713 -5.4415983471895295
5.766448684932129 1.2462170452628798
-5.441540523579711 8.215555268092476
-6.564438039280709 7.533973743957476
-4.099601157002248 -7.677594073402594
-8.751484465084788 3.746474679467386
2.353834901586423 2.007304293498962
7.9744561883944245 -4.237811525193948
6.8171677649757045 -4.860324549975509
-4.211443300749955 -5.650180283715245
2.9067713932983654 -4.598983709347859
-2.259546279375147 -6.987113291109605
-6.291896761409058 8.243105477304248
2.1875170911772175 1.883979836681198
-3.9851892955996857 -5.2127273307119975
-3.6856488869549695 -4.545617296960998
-9.057947185241211 5.652512761811549
-3.8683064965365928 -5.41656500507446
-2.5434989562490413 -2.8173353354011823
-6.99226142357983 9.295471846003855
-0.7560823491449149 -6.294159368321438
-1.6331493166697588 1.5345101882268113
-1.4590012064006415 -2.5252595939424527
-0.899779035843476 -5.099655325293633
-2.0684928573718895 -7.603067133784122
-5.5638535232966655 7.35400555646198
1.6688855330817172 -4.460965478938938
-4.451803919789843 -5.916434724661023
-1.3235638095125053 -3.7748974701898756
-1.1205317449890224 2.2247100674162996
5.501517232931308 0.6814694516486638
-1.3787845636201632 -7.392342934063074
-0.4990342190025798 1.9456051460285835
-3.330687634348711 -6.733922631422901
8.46451063008365 -5.264667840688653
2.224072803746593 -4.81920814859041
-5.418180723191999 8.83836271343224
-0.587817886729286 2.7078200241767227
6.562326446800366 0.7942384733351517
0.04281861884837501 3.5776566250946766
0.0672213047167382 2.8457598237916804
6.6581196178532505 0.3475384967204702
-1.25434573864952 -6.334246477932378
0.24367734628056376 2.337335929532255
-5.906644518144055 8.105968985772932
-5.5915214687163255 7.564176718686472
-3.9140995789228286 -5.557254177806018
7.628107402093202 -5.734111893254648
7.556700408993976 -4.339334487119753
-0.9712078929853808 2.671049214466795
-4.149865819069847 -6.3800893263184815
-1.3992399879495072 -6.813016320286301
-4.074994451222251 -5.185749879996996
-1.5076495372455856 -4.382187422900281
2.465478518677482 2.325598840833394
4.301952105100997 0.5505488366438092
-5.254564213298703 9.00902902197086
-1.377522110458629 -3.4203425107144225
-3.336095103866847 -5.966868061391778
-3.7833668396983007 -6.1847685526897385
-3.8319262194344774 -4.249327500282726
-6.083264088158602 7.16114136605009
-8.524708358991726 5.569896125954941
-5.471645211055216 8.44710225395655
-4.612508080652843 8.58036975501108
-0.7396573942303851 3.7473618385459098
8.11452819508326 -4.690768725919832
-1.273631908899924 -6.021934779442785
7.976068822902132 -4.773626035915962
8.02771059176804 -5.000342320644633
-6.127039244628566 8.955525744565936
-8.605941365833242 6.035698966603348
-1.2348083079271666 -4.212251305397838
-4.772798050061031 8.11599932721554
2.25290448847475 -4.916016467299852
-0.47709721991406395 -4.070827244478341
3.9763022346496184 1.7266753771960945
-1.2840207403896444 2.6130551440066156
-4.852593999528397 -4.888954190070445
-1.3949424095294458 -6.9488463868180075
-5.084304586528028 7.035703145672198
-3.8952908385458263 -5.144952395674386
6.8318112046195525 -5.113932427848051
1.4844630435077348 -4.194429313446003
-4.404220669435876 -5.9973681417690985
1.5979511382513185 2.2776742289995613
2.1673657383771507 1.2220541695253988
2.2576350126509057 2.7101848463699145
5.8746668543564935 1.3523321971901212
