600
1.0535134893000018 0.9586018642518194
0.7363867769237761 1.0318024144882751
0.8874316143805332 0.9809994346942231
1.1068744926255618 1.130310083076876
0.9624554980015367 1.1624463194141896
1.060754132576436 0.9615005183095882
1.017412660014602 1.106957668886901
0.8721228983443576 0.9093319860570483
1.095199333394123 0.8047016830374671
0.8228809305932018 0.5088371090792303
1.1463537171113707 0.8481969567913568
0.7280866931589207 0.8988179216738954
0.9942516632915314 1.0410506535221424
0.8604404981551484 1.098730306810806
0.9237794097886969 0.25991290106773396
0.8642974925014166 0.9772647157151391
0.5511308998064713 0.8620607210910931
0.9145717430816245 0.9089337961905304
1.025427742538209 0.8934713878654293
0.968942121470413 1.0904118665064375
1.0483697627491655 0.821517675205076
0.8250102415821511 0.9296224501866409
0.9707336978668629 0.9742484311308117
1.0956137132859467 0.8889757302137122
0.9783417731532512 1.024646428541687
1.0858302397520208 1.1825111128247763
0.8467210132797324 0.7402990189516765
0.8946564808629932 1.0738561883164217
0.9460045486313152 0.9294658632772378
0.8150954293262682 0.9023290665164597
0.847085014581442 0.8802354228603094
1.005484583571092 0.8806596680694818
1.0060829227400987 0.7792353630474822
0.8690325531045955 0.9714156553948028
0.8678881932265603 1.1192530064165216
0.7193070867956672 1.1176449774594113
0.899489885899196 0.8852308792746624
0.8905532436895993 0.9130738812903038
1.045213233635482 0.5265131695376465
0.7935765862993339 0.683271131714204
0.8975450269170424 0.9668053898187301
0.6120234441741509 0.8511971978629052
0.9237277756332886 0.619376218139179
1.2655903064934717 1.0430891220634018
0.9435098249871495 0.9664952034500887
0.6082188248222796 0.7782961007355973
1.0694527759848564 1.1167161108324564
0.9771046320600492 1.0592996953253053
0.9972002075536949 0.9532496334598047
0.9417845764857183 0.9738157390633653
0.9760298426483955 0.8467533059038852
1.023510452599459 0.7589591809701327
0.7988428556919376 0.6365621952990353
0.9093662357978977 1.0472149224597318
1.0606926836235018 1.0443113085420523
1.0254588833026645 0.436733185338407
0.8352726348254179 1.0480620149117483
0.9621434406838848 0.7023601754741656
0.9363099873568682 0.7458132980812364
1.094940180183987 0.8209426571102308
0.8372833862511616 1.1355775882703592
1.0267921880800144 0.8654113629979521
1.1419033775867733 0.9175656392287306
1.085947393797395 1.0065278278958036
1.1292414336890955 0.9637422772906341
1.1843165639144744 1.0137987675357443
1.0254596125787023 0.8657541213181934
1.1228283259729455 0.8851953409624425
1.0136035705656583 1.1243860197602866
0.5519289576712553 1.171605736541174
1.0460555803203897 0.9818019827171629
0.8262174359995168 1.1016540456799926
1.0259362897355961 0.9894264816346485
1.0233884435841634 1.0040078863705104
0.9966072848079605 1.083566452674732
0.7208561051504906 1.1443714892484889
1.0916740274811485 1.0426353462076976
1.0420719122670428 1.0635332843825476
0.7485309799000605 0.9220196756265351
0.7973493221032482 1.042096938784935
1.07712761700639 0.7599446692126247
1.0821914084145035 0.8544625731494725
0.9563599640264238 1.1225230082120339
0.9843844165099802 0.8829249920760902
1.171088326853602 0.9111817618999856
1.1645520292188716 1.0360157392887561
1.149340189259718 0.7923507621812936
1.0134250601627661 1.0386855577560274
0.8116476663839686 0.5950149647646941
1.0520373588026215 1.002190345589234
1.0965937301989641 1.0865810183014186
1.0349075092479696 0.9910159617829187
0.8015328708722873 1.0013284248412624
1.081426139428838 0.8121414348038172
0.8949900316665141 1.1043464064346424
0.5736191792652415 1.1071550916269233
0.9341767542720264 0.7631876380230057
0.5682796701741658 1.0175681219637671
0.8696696905295774 0.937168029673734
0.9001765950613041 0.8345587579340533
1.099362542750739 0.8524446256413512
1.1362884914524707 0.8684259441953157
0.7910033916494125 0.8654527441937232
0.9895875478012989 0.9458766900960389
1.0633472914765094 0.8531050484056738
0.841303033585926 0.9201831900812487
0.9749319836208833 1.0805153254853719
1.0599687482141615 0.9759618682933882
1.0652430430586017 0.836684432383679
1.0549387205767753 0.7339950800889802
0.9240484431487683 0.92807489913564
1.1116964942142342 0.9055145256009579
1.1244216869309642 1.1529722075049915
1.0202013342917833 0.9914180808284997
1.2124292321949157 0.8977362362832223
1.1671452507505442 1.0307955302022542
0.8288479016622325 0.999287072996809
0.9342214295273965 0.8408304780488627
1.0903690151747478 0.9156423580732407
0.9273389669358479 1.0422765525397477
0.8173151975636977 0.7687444478491374
0.9966738484744034 1.0480243105068798
1.154367913113284 0.7210964623498602
0.9241097615172502 1.1013505569021549
0.8397694513216712 0.9818440333535036
0.9710984904061307 0.8333139142850255
1.184016617160733 0.8646226447657004
1.096271524818794 0.9213505255371842
0.7358812054428532 1.0132792931557433
1.007572267853457 1.0482655802476466
0.9676301808310381 1.1157756624548727
1.0119116241101955 1.1599163260840575
0.8125904357476674 1.0455462983393924
0.5971859824767054 1.0482671914695145
1.0921478550975487 0.5959113054075372
0.9635059322885328 0.695144611405805
0.9099676716063442 0.9541982763246949
0.7513822427671782 0.7715529966437763
1.0018075174927306 0.9011985395398361
0.9339181926610732 1.0226748652955384
1.1057945049736524 0.9151399802308438
1.015190371465206 0.8088231143030082
0.5919282077632967 0.920969314594671
1.08839150657013 0.8576075655894999
0.9733195025034124 1.0196840571058423
1.0994930086344936 0.9593931175916339
1.1419364473877547 0.9032990765089872
1.020008406087338 1.2225257783618733
0.751428528541744 0.9299876226733886
0.9681274237585323 0.951971633710866
1.081799617953441 0.9269602056174859
1.1302319439527837 0.9484033709761605
0.9693860495608465 1.1111082805530759
0.9342541674165997 0.9043866049174522
0.7244761754068583 0.9012154314281918
0.7902223197334057 0.979643338421633
0.5897220007689895 0.8356138371577683
0.9851685108731236 1.073012918432962
1.064263046625392 0.9033061164859804
1.0189341351770247 0.8209473489918602
1.1126891786044129 0.9141248366097044
1.0191667407315215 0.8982931802313482
0.8097055980424989 0.7901582601342749
0.9662821413176642 1.0410526784862546
0.9438814945099017 0.784108420043752
1.0089539102257934 0.89797296937631
0.8935112096051062 1.0043279870915298
0.6708254618519496 0.9444830795984874
0.9034002820345496 1.1556858710414226
0.989308190456011 0.6813937629528608
1.10050480024502 0.9511029820175073
0.8255215889720973 0.8610521387250417
1.1078597635724 0.6115425228465032
0.9180653353149483 0.9181954017712128
0.845996085906302 1.0681312894247932
0.9388002895693099 1.012598546621966
1.0323770590278274 0.9812409980564335
0.9680221623541181 1.0628599976045914
0.9885007293872415 1.117169569912958
1.1394021525192317 0.7658251288812428
0.9112238001624783 1.1447860659454985
0.9022207227652729 1.06997980941553
1.101374927401379 0.9032603483588328
0.9178590016572312 1.0696813404128227
0.6992801110736658 0.8995121688123079
0.8144865930396337 0.8472042093616101
0.946339777278197 0.8132153789436541
0.7774619829927217 0.8118044203167898
0.8588506777762294 0.8878703962535903
1.1652158913075816 1.0491578305479898
1.0273259286602656 1.0170129247993855
0.6112422860720299 0.9950485708759478
1.0006673955007641 0.8761868406280059
0.974720267849987 1.0244472885922358
1.200958679115754 0.7083523620019416
1.0616312271770538 1.0264141885680917
0.8913434012417758 1.0052442140466167
0.945079379961011 0.9384153649829072
0.9601633219874015 0.8543291588860796
0.8841157956049297 1.144204799200383
0.9506071782597135 0.7978006270287789
0.964042095784897 0.9838268590039599
0.8922329345942305 0.936822042635582
0.6290778429740922 0.8918696189416039
0.9015636599558614 1.0598203421492909
0.767941109300758 0.941275564840106
1.1299121730860093 1.0692422229393657
0.8190656764401151 0.8198002122455676
1.0974299522709443 1.0056434697612484
0.5337366138473904 1.0389315834095156
1.142682626742246 0.5242405079166991
0.8676882818048143 1.1880913999553453
1.0906118031988272 1.1392406745456727
1.0550440876468752 1.0128754943908014
1.0236076630208049 0.8708762679317517
0.8061778004858827 0.9358105245079857
1.0427338343561254 1.1332699007902631
0.8010728698154888 1.0346812691893823
1.1743406739091717 0.8951225773559032
0.9121478416302178 1.1225509869179964
1.005095291992366 1.1652995498880427
1.0505141940916976 0.7982184123667728
0.8645517645543643 0.8316034182321256
1.1037311060045953 1.0049388572777038
1.2504517168685103 0.8418749717059173
0.8523611930129604 0.6035704696019419
0.9148646849238256 0.9640221560427151
0.8155178827428665 0.9870702184648182
0.5501610196554009 0.8509662749860939
0.9755735146255472 0.8805848814189822
0.8823564828020205 1.0364856760663308
0.7560195761654775 0.7802199280390295
0.9490979479135695 0.5590971287685979
1.2091192038094227 0.7409324086787081
1.0096909402311438 0.9640188576213549
0.9360942624999918 0.7850317150274005
0.8998772505288473 0.791949820264035
0.8977184812658257 1.0984931320333984
0.8442421309756778 1.1016706107670158
0.8157684593818227 1.0070844809598345
0.723122798313577 0.9063944751392488
1.0244044320641963 0.9578779575704016
0.8928087190945293 0.9474893889442272
0.836194940080725 0.7835691272806554
1.0488549827940918 1.031211966842242
0.8146187617211076 1.1269968916396855
0.916236308149812 1.0236577716359996
0.7001645527017095 1.009916494383722
0.8731956434228908 0.9945408689200327
0.8342123305609507 0.7957333490206188
0.8320153295863643 0.9661435586721268
1.0287790663242424 0.8400078473285784
0.9313703776145564 0.896519221780869
0.988627546743792 0.9255414120559246
0.9959981830772774 0.8383407007049455
0.7014540292007144 0.9322719832484392
1.0417440199638561 0.8574975642857646
0.9566319865112616 0.9081261414045546
1.1501613965071775 0.8881060339975212
0.9146016257544209 0.7532601892787155
0.8940460080176524 1.101626061813286
1.0950739388543924 0.9406417167632122
1.090297405935064 0.8999169494322193
1.0276292336444413 0.9242480235164645
0.8071855102741631 0.5766465903636624
1.0252349480487475 0.9914414328010817
0.8938554104879481 0.49538791836963353
1.0037289520837993 0.9942619337706888
0.7579481070927644 0.9342678604271089
1.2075709142948265 0.8592227538575549
0.6758105570152059 0.8612347424398581
0.9517363615228563 1.0382413478329797
0.7906968155406916 0.6262695536167296
0.8725950526939318 0.7874728106346883
1.0808296681587057 1.1413092224805177
0.7143681955277917 0.9467920368295717
0.7876544021867626 1.154609220566137
0.8747219004814347 0.8055096567113046
0.8932180395725277 1.0789856060285477
0.9918742624083575 1.0292401405654927
0.8483294813805655 1.0880607248727285
0.7392681186726247 1.034789433713702
0.8995914757007166 0.9820189097187743
0.9460559820506211 1.0322885182796229
1.0080585531363015 1.0288025603360595
1.0012738284572382 1.1051437824696517
0.6437823476212744 1.1334577505809813
0.8177026435001763 1.1846195230382084
1.0205843382098359 1.2035287168877713
1.078260127227846 1.0648610916315773
0.7232426308532566 0.9362697898826939
0.9772060724420315 0.9314074615356192
0.9403249775891135 0.8283140473915038
0.7141651638789013 1.099170336061648
1.019776288626007 0.6693805133288777
1.0633109099679634 1.1011469101675768
0.8727554675025706 1.0782102229165993
0.9648236315176705 1.0077641187526845
1.0421721461001394 1.052091906550326
1.0956837183699382 0.9052903215933232
0.7715490082802408 1.1471349365165624
0.9692649691246549 0.9043908301839343
1.0036397442760585 0.8141096497244289
0.6741071389276122 1.0763615317301418
0.9457553748077077 0.8969003291911404
0.8153310294235463 0.7805416957289979
1.1422383903191542 1.0665181813190425
0.7844710696717724 1.02363287752243
0.9712071271019461 0.7668545188418131
1.0088174156412442 1.048734412337627
1.0787075593577922 0.7851939775426644
1.1041438904794274 1.0480135846280776
0.8923145910514143 0.8491327810108131
0.9757102367066447 1.0646233908576577
0.9912123637862066 1.0251860464611504
0.9296249424400136 0.9986404296895206
1.047981700730296 1.0224329086012691
0.8756351153042882 0.8410311658237862
0.5835785779343288 0.7821815566979102
0.9878144127936889 1.0758866740811825
1.0163540404792666 0.7250086861588979
0.8231548708286781 1.015204988743233
0.8150615431506254 0.8187888564183602
0.9404039056857757 0.807477895179423
0.7437482204716669 0.8990247993328098
0.9511508691079079 0.6214739952158722
0.8455506189742092 0.9280675629506608
0.7045974926459194 0.5621682782799987
0.9713628962074924 1.1329153179222782
1.0690119338238073 1.0083898395741409
1.1589037461053462 1.1847037027535372
0.8953140438764335 0.8178508245756034
0.9381467677020443 0.9155900350949292
0.7247068596945255 0.4639832564683377
0.723231775147559 0.8613377570269828
1.2093238329007547 1.0014515579628231
0.7681494800454297 0.9001898837313118
1.0608413853259808 0.9746917763728046
0.6942154940021468 0.9116496189036725
0.9900471359678775 0.8553078792868853
0.6968614737125951 0.7657743046684328
0.7336639906585793 1.0018724170255389
0.865614593452493 0.471670726253462
0.5045010042968084 1.1503521787182078
0.9465468678788297 1.0967478542531592
1.0913434161543434 0.9291515296737567
0.6132487338135714 1.0320772507028748
1.0692786893927082 1.0786095760782135
0.7540727116336957 1.1269003345337778
0.94630108977703 1.1081645319988551
0.9929994978738184 0.8945652528899277
0.8513632308493787 0.9012247747489504
0.7996768332816065 0.9326524345154928
0.6469529075320171 0.9878091392940711
1.1333546247816824 0.8424330004205354
0.9780621985718508 0.942399839395523
1.0404295243119783 0.9728519150269826
0.9739136206609359 1.0595007897731752
0.6171650376479966 0.9837048414570627
1.128020876282685 0.7980885026064286
0.8882682299487165 1.0433177661993358
0.8350139857191852 1.0342603547351727
0.9587280683943312 0.8546633405856398
0.8845496284375914 1.13963098230425
0.7133033828174867 0.8923762982396095
0.6283964722272932 1.0314393959833368
1.1560890217115516 0.9758465364527568
1.0206974481403897 0.7608914909838661
1.0579831616043225 0.9901303113805754
1.0696918279669327 1.0509513173498397
0.7428991382442439 0.9367633799394125
1.0152674884073833 0.9484553632735678
0.9218307017047617 0.9113352524472631
1.130012724749773 1.0556877696322875
0.9773888890928156 0.9061353025697843
0.8721122198124703 0.8176957816852912
0.7117137185758142 1.1722529099648962
1.0013613824436478 1.0874967645546723
1.084583726191781 0.8318103077876652
1.1249891716219926 1.0048773711114367
1.156700193168605 0.9095048781834478
1.0219735575113458 0.9351564658363901
0.5534803343170636 0.9929711010517985
0.8935303904144739 0.9673214703688844
1.0831822308509045 0.9198530629898684
0.9446306154241697 1.1619862442703972
0.6666747403707699 0.7633181805972983
0.818879208810178 0.7877431527438602
1.1528764093843575 1.1104420300383502
0.8461470610234614 0.889690842630583
0.8682071460649066 0.7075673433879236
0.9336153834273686 0.9153724509941589
1.0534797637735787 1.0136952289827086
1.1064417008237584 0.9775282497113374
1.117517275281423 1.0409473726890839
1.050480557752563 0.8500156748719122
0.8997081866301327 0.8777219320534331
0.9676475837568103 0.963932389811459
1.02139231816574 0.9565444316175005
0.8784807701001884 1.079101009892725
0.9079955650165414 0.8837801290773525
0.7510914808713005 0.9362495505680435
0.646128686728329 0.8219599092232415
0.9103382495560255 0.7658452281742123
0.7208222605584269 1.0224128220014186
0.9791039873983667 0.58733411003282
1.0709223678012958 1.0437617371485661
0.9768361114270792 0.8963308982963865
1.0851985775466468 0.8305215834134969
0.6399128956032789 0.938921795840509
0.924892749561129 0.8380545448785081
1.023482073956567 0.8532541937418092
1.1075462806160743 1.1787871226615516
1.2194836562869809 1.032513165261715
1.002193000966843 0.7483514925395579
0.991198474581614 0.8331898455648963
0.9781970222610591 1.1697716375623952
1.036985353549481 0.9292111806989742
0.9218834594217798 0.708532704265189
1.1034451522748483 1.0714653451667995
1.0901108407748663 0.9162530350228633
0.9734330331587124 0.7368770759748934
0.9293862315320996 0.9349985858485088
1.1466596190997604 0.8613280786511347
0.9081875870874151 0.728965938861795
1.0430085301674592 1.1268176835047576
0.9531058301702836 0.9500880061322755
1.0446110159569002 0.9293431235057539
1.0939164826277417 1.1049133045353536
1.1611051046094412 0.8143113978221276
0.9996171202825662 1.229068896714227
1.1491429317879327 0.7489607037015034
1.150537739463178 1.033184840712285
1.0756476536053161 0.8825340146345205
0.9748758715054987 1.0679557320159638
0.9904718594171027 1.1830862992312183
0.8372748082261184 1.0521984177336465
1.0524737364113588 0.9421124196337382
0.9937849473955576 0.7718633646572587
1.0084759148280775 0.7537109652620954
0.5069413334564922 0.6825560745904211
0.9584594600082832 0.9406365350911531
1.1090860504841997 0.834470515777658
1.197555738217013 1.13512290083059
0.9421256031077923 1.046060934257408
0.9495930013675787 0.9030272347603057
0.5145275212642377 0.8450268728905392
1.0892661824194312 0.9284397180620676
0.8060849019979861 0.9169128771705092
1.2076006516571907 0.7687402483324698
1.0602977215691585 1.0764204558406596
0.5828651242461493 0.951922058813097
0.9677986165754127 0.782358521357796
0.9670379349918484 0.8182848156583402
0.8778453875080954 1.149558726828242
0.5872547627687112 0.9439428451892145
1.1343705886953492 1.1176633269229839
1.081840831443306 0.7112528869133474
1.0698220442296102 0.7522213538217022
1.0091314096823771 0.6553367949981472
0.902903217035622 1.0091688792147926
0.7463500702126817 0.9061729912979565
0.7473803114002366 1.0140638028068587
0.8751780831142568 0.9820838254319533
1.0032985557809158 0.5629782803658293
0.7176352374486138 0.9720114986061353
1.0448138106996865 1.139748947011603
1.099358180525073 1.05830747255661
1.1223979315118962 0.9004086740456713
0.9833569246369299 0.7288357186641671
0.9120232163254179 0.8592492397400846
1.006266881700922 1.034735701642024
0.8883369880207104 0.6909970087244616
0.8273388625163165 0.8681104470461405
1.008678707122772 1.031008884804528
0.9329876731894063 0.9855582041563619
0.7870671184649332 0.8282008375338606
1.0685078510381874 1.1217345005852248
0.7461095614689905 1.0881011029538086
1.144593966120907 0.9408963064517374
1.070161118381376 0.8236874566299801
0.7962190423919564 0.8777470079397903
0.9236124504861213 0.9791092036368443
1.0368001392415587 1.158273651004251
1.0980305381405038 0.8678635338427264
1.2049040770710904 1.098448122156805
1.0601167918652703 0.9329263228606555
0.8936138358394374 0.7392122259270929
0.8815918768879826 1.1259722841468671
1.0073403879110463 0.6754889218817219
1.0303460722127282 0.7896130270967102
0.9403641743129524 0.9716843303996279
0.897294932667004 0.9364223094357277
0.5788125402995635 0.9499069657866532
1.0237954493530301 1.0579701423238763
1.1929229856673957 1.0051869958935367
0.8448706946115047 1.0056257241715794
0.9397940699269748 1.020972612397331
1.034129883334117 0.7379806697350425
0.7802712709306759 0.6740886219355015
0.9548456101651389 0.9582227097761504
0.7131181572721178 0.9982612338918745
1.104265871537658 1.0101119649368615
1.0504384218499718 0.9067715617194407
0.8914228859012583 0.9116953803774467
0.9838203505542621 0.8627116499007997
0.7173653280405576 1.1351422163574454
0.8904292439655186 1.0553592461333838
0.7567643713622805 0.9959765187181551
0.945043387729372 1.0090748564196763
1.1674652492828463 0.9898974071694506
0.9327439910909389 1.174184478206651
0.9285989244696121 0.9303747816779057
0.7122838890129976 0.965081844439228
0.7853873995048326 0.7810519708850573
1.1041982128778731 1.1154998537099319
0.7494302649705313 1.1223079466113326
1.0264154386501532 0.6928575471196143
0.9248295317191313 0.809751025147352
0.7673176862337772 1.0930059172997824
1.1185658436313588 0.9101447937263867
0.923770459327082 1.042200987683759
0.8981797887259304 0.8189937877642597
0.8682288634821724 0.5436822955718071
1.041346727442867 0.8693130109765842
1.149824249488395 1.0789816746426026
0.7645890490755302 0.9934795509659964
1.0635458067682815 1.1489730877080118
1.0005809051567933 1.019261974658484
0.951403634891559 1.1442703241144059
0.8364454840954912 1.170449243940338
0.9468738278459319 1.0976467759769268
1.0798088314374001 0.9460738559460209
0.9186782107082438 1.0487221140646639
1.0840739101961843 0.8849866176362476
1.0773503823748365 0.9703458169345588
0.8941473981199478 0.9396094282714711
1.0424950712424175 0.9346249745672737
0.8980480318818838 1.0494298053071627
0.7059949757124925 1.0818410824678981
1.011801584321272 0.8538705685159912
0.9835860881281491 0.880963267655055
1.0629372480651906 1.0860576450157131
0.8661817407971788 0.9983976777061215
1.1060929300113316 0.8872204693507161
0.6833189140773948 0.9826607370458681
0.941651161417278 0.8554811523716516
0.9180498448636183 0.8227703436965804
0.6982447096962139 0.9925457756174808
0.9119682827087443 1.040037377643249
0.8143392073304753 1.0491346102452095
0.9981252733853495 0.7979833156210859
0.7754720412328513 1.0816852922125424
0.8428610041397069 1.0758201813732529
1.09794298910898 1.0719185227077468
1.0373660480305857 0.9268041742874032
0.9311801085643717 0.8973683726383664
0.9373745938235145 0.8945494148846341
0.9818202810902511 1.1711453842250323
0.9104346884880374 0.9696725028949754
1.0427882930735448 1.0683147052730864
0.8946805962543071 0.9742972569870583
0.8568626900940121 0.9959733757959579
0.5269237611745962 0.8899817833571803
1.1747812692996682 0.8182730761688424
1.038008120733498 0.9637222869746589
0.8419573288076884 0.8235039987007596
1.00071438602924 0.7039887357740463
1.1962926944059948 1.0717835659911923
0.5926041907932247 1.038306292563121
1.0937489627688308 0.942818850035075
0.9738547727384599 0.9816837551801252
1.006707211951953 0.8781695744777545
1.0581694117752887 1.0373504232286226
0.7925694471400461 0.8022277362896467
1.0742127705730145 0.6974690570374479
0.8599259064418467 0.7412886764982004
0.8053236504585717 1.054238232124371
0.8166084889984705 0.8649255272516185
0.9439024995773062 0.9841214747970682
0.7397626165465394 0.9990242575212082
0.9171955579364953 1.0092728954513288
0.8189699686820531 1.17885428392623
0.9631657013684569 0.6941606815319794
0.7060025603996031 0.8682206591805309
1.0035279056587205 0.9083465193393021
1.0262870893150748 0.8519335342004767
0.9723403704345484 1.0038273106218443
0.9680695519410846 1.1213887454264015
1.1577175014142689 0.9763157071449204
0.9970946440907162 1.0423220876189712
1.0682676208966564 1.0086949115864223
0.8369019023668012 1.0463610518787325
0.9713392383669613 0.9951948667217483
1.0936918702029974 0.9453848775549101
0.7439164393104283 0.7835542499796152
0.5838660527096622 0.7302104682898701
1.0739519467807992 0.9043972787589948
0.8257447536553767 1.047029956368521
0.8873707720775945 0.7772246144448549
