200
3.005556356570984 10.755067335110619
0.1982269113552998 -1.884093319206162
5.956863229692236 4.383383407577518
0.25333980101173564 1.3187940561960159
6.328241497619389 -1.539857877312883
-7.683692511747058 4.8984304432090555
7.544692200686652 7.541705629882207
6.141714695044904 -7.764102798189851
-9.418590352460646 4.1402842613566655
8.072465602168162 -2.716195088775151
-7.460885533732168 1.6323042553305338
5.195025514844396 3.5932410921138263
5.896165680575582 -1.7654607174739247
7.577898042750645 -3.2201775395168917
8.267144469836358 5.066604035915196
-2.8222647823698876 2.154337518952907
1.436696117979658 -1.3930266021786453
7.925867889281411 -3.373577904132596
1.019370796043055 1.8492237579245256
-2.2518980198129674 5.574326591498531
-6.443445864441449 1.7130475652574964
4.939995768262247 5.028681942878847
0.8095695824790657 -2.6432031814892776
-0.0009046507664378645 -1.6923277247165447
7.748599070002676 -3.0398841786242614
5.1486977073816345 -8.715198186066203
2.654020669805284 9.606478333855216
-1.5555919107540903 5.399807488641211
6.528774469878291 -9.78732805707374
1.9704054020647883 1.5196272516650573
5.343339098296582 -1.9758473288816825
6.691032242502409 -9.680161069003265
1.4184561578273533 -0.9640594249296301
-0.9270346542569688 5.2749565447869236
7.305992897148894 -8.116357674936754
-1.6177941508798583 -1.3035464790436653
0.5179211138828425 1.7665153423707478
-8.995279091587951 1.8170998952697046
6.518635669674219 -1.9625458957312576
3.3494156536553907 9.602765401463769
6.6803536931930125 -9.62096170358386
7.505235252829075 -4.249515855249575
8.371551599782421 -2.7945445015525334
-9.00597098996271 3.7769700184599277
-2.87634715121686 3.0271886393475285
-2.0598027321083703 4.0764672621155205
-0.12446359286133035 -1.0888597890375857
7.781161201906205 -4.181571587970539
-7.674738822201827 1.932157099759374
-1.6830319635913105 4.025215476573181
1.0170801045764084 1.4463619852765168
0.04105403335624852 1.0219905453997569
-0.22206576530858113 2.715295315124118
2.8523123039447773 9.841189317909786
-8.423873732270936 3.981205595021655
6.489862303103537 -1.2526325356132033
6.372267855234213 4.253019004018569
-9.626424249285865 3.8496911685977615
3.0886556097781726 10.2325200628273
7.631900194059862 -3.122583350140277
8.520732320949653 6.286394462932583
-3.3278985784700104 2.1092956690186
-2.924706365040819 2.288482205719652
0.3292007992677284 -1.7090269644290574
6.741587095058251 -8.602172606945762
5.145188423073053 -9.061749644706847
-7.776905221980703 1.4916868894441415
-7.858615204191854 2.8987469955036413
6.206817940989212 -0.6295239496779999
-7.322305367233242 1.4572980378575673
8.114520747320128 6.682949973046363
6.296122051939722 -0.9001017518144646
1.0877158092850956 2.717878522969122
0.6508254222203045 -1.4616914754538604
6.6882221050331925 4.13478652413748
6.759941279228494 -1.6642864127650787
-8.55722443679869 4.569516261583853
-1.5397316673302393 5.349148087139074
8.070088194103434 -2.2728497056904398
2.802944196149354 10.051025864447126
0.2061237990682628 2.403260430636019
6.372535914591925 -1.155547533987359
6.636700834151902 -9.552069861031324
-8.150218395435681 4.4844935822443395
3.5782791547802555 10.21718842620028
8.795896824469697 -2.9327808372552844
-7.777911649162846 1.6640384992826294
7.53969600792541 6.670133050695462
-0.9430026585336149 3.850324016778246
0.8065737837445134 1.6931507094447007
2.9493175241843526 10.075578499104331
-8.360101724594552 3.6992373604535564
2.501674493125793 10.875290852394338
6.523069684238548 -2.752338912031844
-3.043705008664983 2.226362570336014
6.8128418884987365 6.310000289579264
0.4076521478113341 -1.7108367750312814
6.1607341648521565 5.275711976945231
7.389111745546296 -2.787038139644371
7.17243906775771 5.642239000458524
8.351995335506471 -4.066262782226721
-8.42774898307036 2.00128132251871
3.9575868285513986 10.205839467697706
6.449656233336173 -1.9119541894118617
7.043317546152807 -3.638583073511256
0.8677878093986382 -1.8095289684511133
6.271650008285868 4.5932189992302215
-0.6317768936690827 1.3879416189226823
6.695221167165481 5.314732718904459
-1.079486199015326 4.3522212527158395
-3.7837745914893186 2.533616857175171
6.8398525982261775 6.971971247625633
-8.762241414594332 5.06316630971091
-2.950710973043835 1.967409300373274
5.35501513468555 4.968640239948863
-8.697306896396736 3.540499185129029
-9.28659056556732 4.5388230278583706
-8.137533764536265 2.7188039973103133
3.2799402757387552 10.604003622368571
-7.755253739204077 0.9214689253174022
0.9407577502350644 1.0160075432644238
-1.1927128382539716 5.93609833644692
-0.5677552111206189 5.1941040815011545
7.322514055863605 3.9051972353564617
-0.1661967186341211 1.3037350482825352
0.034745870573025917 1.5028951961163541
6.599937063564457 5.978203115817698
-1.2876740853883126 4.448502708360851
6.5809163008152565 -3.861048374899421
7.7630186068593945 6.0765902139868535
-3.4860383966587944 3.210050666705283
6.700310744664968 -1.246187576437114
6.046576528425672 4.706419948886513
-8.1333586648835 1.9685590899883094
-8.223609900940133 3.72574769104033
7.898060645818351 5.742992334313708
1.8151269147346736 10.594440417099301
2.8873683354427477 10.192422435837353
0.6272778104606622 -1.7556037813885959
3.869336367885049 9.216571217768227
7.326253779839239 -9.523343316882697
-3.4044374873860646 1.5585533862454333
-6.704021007670376 2.317533171803135
6.5343725304129805 -2.0769272096560005
-2.9988725458017615 3.092574482497763
7.294068053309773 7.2561391154434975
-3.339678403897599 2.9739879361981703
6.87572251914335 4.084197592285522
-0.6800352029428147 4.921324190885432
0.005510485592640335 -1.750227612713926
-3.124732933452012 2.193864564376304
-2.107128234375637 3.093483653078625
5.108995233256935 4.991922024746357
0.996041998400351 -2.1016003778745147
-2.1174035100428896 5.662104621622341
6.843486347867511 -1.2474419718930125
6.4028686016798995 -9.22057567699938
0.3393822045422241 1.6109822483803566
2.5763672359200447 9.257873570967073
0.3027809321165049 1.0851632404478642
8.248135986964913 5.918387341940138
8.064559095643313 4.774442871515455
5.703620541406816 -2.1443713179781847
7.5203205028499305 -3.980515833614033
6.530356665117661 -8.509295236801707
-3.102791631392386 1.841589342082627
5.416828238767427 4.747082870056468
0.2643933451684384 -1.8481979507938966
-4.025388444125358 2.9440762009648584
6.995303214237299 -8.900929053216306
-8.418856159979425 1.2573448707927268
0.9907017856147158 -1.9072768065916277
3.2174736695545265 10.139724373841679
5.401701377144824 4.606362391779201
-3.8591002986941976 3.10516052725023
-0.11430287130041195 -1.9407553355939289
-7.828501343982146 1.7225417606043576
-9.015312588868795 5.116831747821225
-7.8826369391141275 2.01754228324993
-2.7899581043803336 1.6235320176648982
8.58829141628166 -3.874904756944453
8.688224164297017 -3.6721801459809322
6.358556587050954 -1.6751440652547078
6.396240228803207 -10.035491357383151
-1.758440710179677 4.930544724924792
-0.5249365651237327 5.732179624170445
0.6781717238816024 2.017190483122943
-0.9537690475098609 5.723800151604787
6.32716227525642 -8.729981508960085
-8.967989375370067 4.225913868879501
-10.172719205821492 4.636582372120991
-9.457892625992388 5.117771326043144
3.9597469860822705 9.356150511683863
7.301023900850307 6.217087293099473
7.8046005163948395 6.565133802475194
6.100218234870738 -8.69013407202749
-3.483942790823826 2.0944711426223894
-7.533099189315321 1.545915395442809
6.692739515850379 -9.774856277585961
7.276063825299025 8.103816478240535
