200
0.99924001425105 0.8287873534582407
0.6276521453826381 0.6258383302874998
0.336202272567687 0.13637565956774444
0.5581332564793372 0.43936910075129304
0.002412453456969536 0.6797358998323445
0.6410303910942502 0.8295300839873381
0.5714493327775996 0.6103172654854109
0.02999195786253546 0.6025394953484274
0.24363904008472922 0.11456535660399432
0.9666954961420553 0.5097937468101941
0.01950916252162031 0.1405483581906625
0.5295183179291045 0.8617300091522522
0.8773677197143007 0.9195919122721097
0.4834545301249665 0.049498015782610885
0.5018037925418098 0.45639351880824625
0.5650447686995455 0.14572427730637486
0.5175528399155547 0.0726072357638317
0.7606062172940528 0.8755264279800921
0.29139356659110455 0.08855727103423909
0.6030498177699658 0.8631246698061522
0.07583782813877916 0.4397183848265992
0.6064812385056602 0.810545065465712
0.05574666634439797 0.5514925466809278
0.8452716938030678 0.6221905025692889
0.605708576411656 0.37147183893220187
0.5984099557107879 0.6622969934771558
0.44015816160876126 0.8442314539817206
0.24877931954087434 0.716928369007881
0.39052232955300714 0.792721943966762
0.6122922015271898 0.7858157055128409
0.09950306360329435 0.7685652043509059
0.4701767076710818 0.01616788547820091
0.4876222817176837 0.48809121390555693
0.3996215363108002 0.9999135744562039
0.20620883380421118 0.6063361982292432
0.4665702073098603 0.6031970569586232
0.898145505684575 0.14153076284806895
0.008577183174404543 0.12476999027278013
0.8204126613814035 0.35827063807946274
0.008230636163411869 0.8385658760414206
0.8902215578794032 0.6060010980200128
0.2873272802256122 0.3488916786948054
0.3567877551744761 0.18939334212523545
0.699679185910365 0.2109378232098761
0.1665176703997687 0.32219722633966774
0.6493811472861191 0.014163886344939966
0.6558395098779843 0.3098570735656955
0.9981906157829553 0.1984839221976578
0.5613475531606561 0.8180087754045803
0.031645653904828645 0.33215406409474907
0.6404853493698069 0.6724850861527669
0.5158162580146068 0.08989559786620517
0.2356244932326091 0.07514523268074157
0.1077657866454387 0.551872606753977
0.18332060847707185 0.8600847428367432
0.6348746861411588 0.10836160196513586
0.9491863249702943 0.729945271991217
0.31678356311182354 0.9726551858544242
0.5840164647901678 0.39278708285227193
0.24738947199760472 0.9681335140642477
0.3581073143261353 0.6121295287991024
0.29787698331032875 0.6363622935482118
0.5682397049303742 0.0822447575510065
0.6761838102380671 0.16837800283212198
0.9973625718449967 0.8134893664080639
0.15264021086301957 0.886518378685067
0.96484074637034 0.969869955374476
0.6852293182649029 0.015919232365719384
0.751922463615192 0.5909371571934399
0.48010676285793613 0.9383547728047495
0.4903642921163517 0.7712439826106824
0.600042909408377 0.5488082966738579
0.2535600845316637 0.4219056086356402
0.054495432689016216 0.7871818429333198
0.06673496632661848 0.4746299673253144
0.9069626232100817 0.007188096496757378
0.9472273123622599 0.2365832504413637
0.3423398296918975 0.10111669352305978
0.35118452029185593 0.69341307579942
0.5508979175799803 0.6770542069973049
0.29083666765385746 0.1609162996726779
0.9964570705899309 0.15196173585392644
0.4511232797186048 0.40328984917784894
0.7859187647944501 0.8817057032036867
0.5750126212033462 0.8945613744282864
0.2029246620815963 0.4890119986187169
0.4333246658510573 0.4197694309639275
0.15110326942048627 0.5903242002222745
0.24407428679718352 0.7702190031497914
0.3820248342099704 0.612161396900502
0.73759358909111 0.08437614428439548
0.60493305125918 0.059893357326423445
0.24080097287515165 0.7695658606459201
0.28123372501983473 0.3228297842069017
0.9883373923379666 0.31431573298690724
0.036564528422161804 0.27124577807495176
0.1674313357057117 0.2327626010638193
0.6551492329480278 0.4987733781107371
0.6349866746301117 0.8979961895716482
0.7456150910263716 0.378478015556017
0.9683740446912366 0.7040962697605917
0.10172947302313885 0.64461233018563
0.730887812532089 0.9234411915074974
0.075323859903151 0.5225687547350018
0.6476802514074746 0.2901097545136302
0.1270421061418502 0.01888812078496485
0.13927286027973293 0.025043897835971895
0.658702164127732 0.904588073511272
0.3892439129827444 0.31757413241866966
0.21094695429910884 0.10461364941285531
0.25602740399175083 0.003806146397692888
0.7085889034305357 0.15557370021962613
0.44844084768852016 0.8187166202011151
0.7056844263021714 0.8101460960712681
0.6394298420089348 0.275627528721523
0.4679394942493546 0.1443091920077343
0.13821585826070473 0.21230655848432373
0.11019299618718786 0.9184876505508138
0.012587907822423965 0.41568272868910555
0.37782913544931374 0.9646072065947222
0.8967730805883677 0.6020843361376751
0.6813420030363935 0.6184796363803509
0.34841662278793184 0.1048080587836791
0.3839090128851485 0.3159020131061878
0.20998986128645317 0.12524031593594334
0.09100464780265978 0.5623741696983416
0.9769639528263981 0.7715923591568103
0.6298014951555788 0.7814154667032118
0.27152674270279964 0.5569596085937121
0.09383611349123941 0.2488258505902423
0.6088593934982847 0.7560667415580613
0.38450395885454697 0.8782834841864137
0.28633556700254176 0.4004740942934254
0.1169565841722678 0.1206637378647495
0.5613708162247967 0.5943926152201358
0.8999074063560981 0.8137451891445355
0.14899458344071595 0.04833904875388769
0.8508531639263235 0.13209043891168398
0.5093061513526663 0.26620598627581743
0.42277144184603177 0.4915410585729084
0.30979273962507436 0.750867377139728
0.9067164416096148 0.9855299576246208
0.34462532653278316 0.718768327540494
0.5283112325595197 0.5790990632664761
0.8308967557427668 0.11778478164232699
0.8496561499292203 0.7971289438063904
0.24447517025858995 0.1360651715501736
0.9453008574761939 0.4928748608001586
0.01326650530945646 0.43139793020980804
0.10761241450072125 0.9083588953591071
0.864772439923968 0.06035644172722993
0.8760268659779585 0.2008397534570794
0.24024018495966593 0.13447867762412236
0.07795981510157034 0.4900699287909486
0.2696077639264411 0.3705282618877765
0.9330639083709847 0.017884885096069836
0.7014108443346557 0.03648798181454754
0.850627291069893 0.8949789654515115
0.7840079666315873 0.7842537772275685
0.47236775828986866 0.5666398651498192
0.31599823127376175 0.38719750957293403
0.9725865559696991 0.8106675990408179
0.0661022271515959 0.3155871834629755
0.8397177235224091 0.9323142346577385
0.10911751307050868 0.8850059895569117
0.0886068937899393 0.27559820805091134
0.8668151913143368 0.7221517119532558
0.6753980286589886 0.1464081000647949
0.07197966618735421 0.002837206902161319
9.811379265999904e-05 0.40319673025938496
0.5939659107955895 0.9588883411500397
0.7882140334563041 0.5326839855013368
0.21269691374924402 0.7951451628195871
0.18357128043944573 0.9236830396178369
0.01620934760190603 0.7391881958426884
0.04062491789346881 0.9615458939930754
0.9179997430232457 0.4271988297695716
0.9889977638581298 0.494243841906729
0.0669954662770112 0.30849560410224
0.8371663901822223 0.7658413173788382
0.23251099543754777 0.7324654901197193
0.8943201796464341 0.38019269585622084
0.3786684717676422 0.002619307851850381
0.11257900379246237 0.8564686405191729
0.06915772209951297 0.016238765538492423
0.8526062925737646 0.8574118506107677
0.9967851826159203 0.811673885328117
0.35887047931957267 0.996093988866758
0.3268049359872604 0.6178374948093022
0.873899871684598 0.7438211927988576
0.475516493056888 0.594573388189898
0.46994018941233107 0.387354294998413
0.7641059625558166 0.06275999230719853
0.12596039788694124 0.7578849582535806
0.0737318999337479 0.6415456092589322
0.99153342028216 0.24739033160011226
0.05106950760209878 0.14061994723964039
0.48577088479912856 0.09730905856868158
0.42039722140373564 0.19378173192256612
0.28799268001742584 0.15116832768179272
