100
0.42205653441718693 0.009956497582048973
0.13210079807712827 0.14963732290678688
0.04731820502101147 0.41719190864574207
0.2357898883989984 0.08179807596845245
0.0013697686193896441 0.005396478077717148
0.05575116354066689 0.5084799818613348
0.3624205552281097 0.11227706692484452
0.01966116925306527 0.3100740936801416
0.00833185219385224 0.9756631169445455
0.3126017085727575 0.39064244344697885
0.022163014827366156 0.08766546164540512
0.019994731216440798 0.1762070611492459
0.7114543047593127 0.15380920186539826
0.35325399241390554 0.489200035458752
0.3895715289828625 0.12252817353061274
0.34437482239033157 0.1817201509101667
0.049242235163519554 0.19137408206130724
0.09795685390879516 0.2080557841365147
0.09332185545802996 0.00653550253519275
0.05311547335698563 0.1986196212483573
0.019524377078269817 0.05647943417412016
0.0023727529481172294 0.3535988254536435
0.11804821181311675 0.42206797046577593
0.010185586021113302 0.03462264612883126
0.040460110422242845 0.05617262699142733
0.2127953403326206 0.35791664828142133
0.024194424681009297 0.14548221355294166
0.03950473229869078 0.07560311893935512
0.2946496877151672 0.08920697600805716
0.00024769949653813406 0.1478669148983418
0.0652710775955998 0.03270480728570946
0.3997348985723217 0.02785862188302124
0.0375678076460817 0.12058319135812545
0.10428949180675984 0.018286089582290277
0.5242346446056092 0.3522545086308111
0.02953674959113939 0.12347243026914834
0.41540380456019466 0.14417526450479667
0.03438148711139366 0.011104543722895377
0.3143134992150163 0.08340904496534174
0.07121108578931068 0.06915033657593894
0.4601328401268483 0.16438325999928227
0.3870946688305674 0.2386892844075823
0.023795055425939626 0.051457611476394494
0.4027699346198532 0.1768636017461931
0.032193831387180794 0.6863737003820789
0.023983543812845065 0.04537646237561965
0.20152426089060138 0.08159561542870808
0.7376405911977555 0.026881533200332708
0.8795083316303491 1.1906105793133812
0.03362976305298182 0.20035060642008684
0.3906009911303219 0.14751844189267493
0.1473980595776163 0.4057290403862206
0.08640128777335909 0.3956135810215766
0.2766371355081356 0.0891434726084559
0.12011143915151523 0.07637859857324614
0.4040525517518416 0.2389646562829033
0.003798265665424294 0.5656979838285887
0.07507173506368003 0.1722342536780228
0.22855736565301243 0.08149540448805137
0.0030973782988596987 0.05735617520429659
0.21214840667711266 0.02188383099836
0.09039059342004019 0.22294190302395878
0.37908044811355546 0.15636063105595732
0.1796154518359918 0.03834500546601349
0.030885309055338483 0.3541852101801861
0.050747888669914865 0.0820850097183159
0.1856419235203417 0.8074054934111783
0.45428013769921805 0.21145460003814254
0.0696584811761416 0.05874272229635502
0.14217748688727383 0.03367942209685082
0.2397158899874514 0.17425808209466864
2.1317836588264782 0.10547814393633015
0.07000006200355968 0.030033900620278775
0.23527980155447992 0.0524706081531503
0.65667567742753 0.010544150690426246
0.19939089624039252 0.20058889398853674
0.0031206567771193683 0.3360304861875323
0.455879684408359 0.3841916289243985
0.0591814001111155 0.24094782299708806
0.027089615645525145 0.7903101153330132
0.2588942849498317 0.4944871748942583
0.2558031600001849 0.10283672301161184
0.1445992426362126 0.09662488621312315
0.2719962885668783 0.16782132463332622
0.07915326375294929 0.5857331238807819
0.016471651266668053 0.09494241794532154
0.4849020023908317 0.2720761867596462
0.06121267571906985 0.6319652408630301
0.028137782152739543 0.6375332481133815
0.10567511570309684 0.0391341310295521
0.06470112005093731 0.16008449657611967
0.7659367272272688 0.12394667384469527
0.14314758297202523 0.3514523204329649
0.035154751056741596 0.4346879209345498
0.4628900844503445 0.17332653586892222
0.015945173648847177 0.04324297076553485
0.1128389675995285 1.09374074378063
0.8900290808254876 0.10200417082819357
0.19533007970588478 0.021004548550616065
0.0005032279037640031 0.1275176148475048
