30
-5.4428219074597015 -5
-3.4157052405199817 -1.6606262153927394
4.567109963156288 2.120572223621771
-1.3274909894493025 2.0866922329041606
-4.93028148267316 -7.52887431835002
-6.0366481904689815 -8.257236310013882
-7.661261807518581 -11.248066168746421
-6.434779740565427 0.43503195581834186
-3.9163958885998933 0.051372676887153856
-5.5047542191886025 0.29169998668156166
-4.9183308027178825 -8.819381955964207
-3.477792713599614 0.040027458726232035
6.5562547030238765 4.0266521072331845
-7.721661366181245 -8.437204543705551
4.958819537703523 4.643987820640644
-6.007373430655798 -9.530541823618938
6.0526948268727265 2.3824659703026985
-5.364036654843223 1.9317595504791223
6.453532471545902 3.253578083488335
4.7304678106783555 -0.6622865169343473
-2.4236579803309324 0.0057216118510946545
5.444831788134508 3.280520141575373
7.172261899438793 1.8679234158440594
-5.4 -2
-7.201725165889957 -8.473970105494548
6.289550994911754 4.148624980606181
-7 -3
-2.7790961469261153 3.026632942226341
4.829841673007177 2.126825404448613
-6.65 -6