200
0.626239578261692 0.15033324926327427
0.557812286973072 0.5304508406887959
0.5972955969193149 0.0698549827482426
0.4785498182318603 0.8022128740469175
0.43464120580187626 0.457750676612506
0.3048388822221692 0.5770617760478768
0.14131837671823513 0.1398273130083006
0.7683456573283624 0.17503897770236887
0.7520419867136788 0.9278817590561783
0.9076952545556982 0.9241393800161867
0.8633352162928253 0.9965669913898932
0.15346713362439846 0.2951967336348069
0.8081183305115417 0.24718805611274117
0.9557590953832938 0.23589151591232266
0.6474380661877839 0.4179335516203785
0.6412883748948386 0.856085612683384
0.41285490915625395 0.11138540932294004
0.41965457158952096 0.4484778884971827
0.3704413741841641 0.8820113859885679
0.3574999059936173 0.7131418195367489
0.8896599214148561 0.6033684701303359
0.7577649595524986 0.0251077839535697
0.16601043204469124 0.7407364063559652
0.8717137343887833 0.15090108616324907
0.10051957833397128 0.0462463387640392
0.5988183305387595 0.4980942471309357
0.7278266362202587 0.7636856155246471
0.36172939353105615 0.3498874937177992
0.6116094367287211 0.46460986131559634
0.35084978753555984 0.4198244637725952
0.9408333921965701 0.2588493154500116
0.49466772466944126 0.9563819472366166
0.495272842162334 0.6662146088861843
0.4495589868522685 0.07921491605397273
0.731236693154596 0.3785479368459116
0.15904727970471813 0.31840834863023365
0.6090044000584259 0.20787996628970992
0.06921498068226674 0.30025862495089245
0.6550986151463624 0.6029591967881751
0.27462688132271845 0.8854881347837935
0.7167340240598314 0.9690738018822924
0.23584299178916834 0.925762849946728
0.576687072227979 0.8709606914503186
0.29600232581862146 0.9245547401669758
0.5432718587158761 0.46419902365544835
0.7994069754182132 0.27676089011204563
0.32997791322766346 0.8760510912302382
0.6416967940571496 0.2886649307207202
0.5923525260053744 0.16281860131411727
0.9854558450534511 0.9298273461123485
0.11755857905344064 0.21399706733024162
0.5193172396468445 0.03666842861700769
0.048054336610743244 0.8502318649460168
0.5494068241512398 0.9150502922381193
0.6467571626400097 0.4121051682322813
0.7435174136647931 0.2420570516641224
0.14584315630562222 0.16841626472839563
0.5311522439190026 0.820766237687655
0.059560803156709245 0.4888880778901031
0.49457110604418314 0.7594168010329341
0.9512962836301981 0.6671169593283237
0.5781586716060342 0.3844985641603993
0.6418289740993821 0.5012054755216804
0.9351522470378987 0.9388439725102724
0.18875069426193186 0.31671890780761536
0.26651993673340624 0.9742864601149334
0.0019153780063761773 0.900264082758082
0.7651808834268319 0.5664256626794245
0.24874464647097538 0.9188788026356575
0.5300402498594281 0.17189583554020765
0.8107232803445307 0.2302728877337409
0.6282841880036019 0.41301793629399774
0.7909116389149964 0.5128606737237127
0.840926771284789 0.8184137385193667
0.914618251539769 0.6163706620498919
0.29995991338463207 0.17248737961475039
0.3432655642308798 0.2575254765014253
0.5876411261017426 0.28047588768109655
0.19334708175379695 0.5687224849041869
0.20956877558572543 0.3989637246860192
0.7009097214368514 0.6723248398390568
0.2559389220971731 0.9198960801164157
0.6198830799401899 0.3098532948866251
0.8587219716380311 0.29104756896536654
0.37020735197357796 0.9406322432319197
0.9174523132732179 0.18698100109884547
0.860179115371931 0.7466976451463659
0.3795307606074462 0.4695064113782632
0.4482358747018564 0.1802337353862015
0.6867668415338327 0.9124170882547603
0.31484320283311373 0.13528759590319325
0.3194528074599298 0.05336910207107112
0.6303807916925497 0.5650778663377841
0.8821045124552255 0.5627704801747783
0.4061377021641049 0.5222759607116211
0.11766489989905993 0.6390179569368828
0.8773434889774093 0.2063177525204912
0.5755988899630012 0.5431540245638451
0.03661003485695902 0.42877471330124606
0.0018719876575574441 0.5821893575185086
0.8627874305612753 0.44281516440336566
0.12622440729555304 0.5309921031601972
0.7699979500114988 0.704352157246023
0.8043355601618171 0.758795826352209
0.8920161468744221 0.38294980650942323
0.7527921025713085 0.20499757157860116
0.6274863306628286 0.7082782774044775
0.8631830290590826 0.6800359971685759
0.9591956252357751 0.204089349138044
0.11142503269033233 0.6225660272112873
0.8545774495380805 0.5875308803605508
0.477075603222883 0.5180771187798767
0.1702690735720143 0.5637092917455119
0.6474451803621502 0.06087221177206053
0.6559766758243354 0.9346067460565405
0.737174894752896 0.2737730714478602
0.45891775214382285 0.836207925462793
0.30749361589871865 0.024652227370112748
0.11287315087893168 0.9909773517812918
0.05252857514510957 0.40613862323872735
0.9579961242555428 0.9175301211187371
0.6435196993337603 0.10389559611004638
0.12300924985060936 0.08588431712050588
0.741025079161741 0.7836757447643199
0.01726707328424212 0.516182936422918
0.45760637536638715 0.18422460797429727
0.34804090010950567 0.053914614392177145
0.11949712959448108 0.1907533375598674
0.8117574115111258 0.8336197932397411
0.8665467766855008 0.5524957186212527
0.21818966242125115 0.8325058916243482
0.9592494493412732 0.3684024341693809
0.7299312614505485 0.06873232062078012
0.061257136063731635 0.9769232706985171
0.568114628868819 0.460572437701039
0.18823817379382232 0.5179034414601383
0.37772547332568335 0.3554768544644136
0.9011644972628527 0.18595169401598077
0.49488171260149494 0.86307510922281
0.5115625312661439 0.9499583982113576
0.63939248046666 0.012828288732181147
0.1371766627475603 0.7000681503369267
0.07819923783420091 0.8552998184020764
0.7301292307222809 0.763036329857645
0.6191218273842142 0.9955042855982281
0.11940832094153316 0.16850912271874469
0.8939650214917161 0.2285415836335619
0.3388072674169163 0.9820866967188483
0.3415812172886556 0.003611524709083898
0.8508726356869187 0.8320500035793618
0.34230226847858225 0.6996494239639395
0.17899195080011915 0.4219611996287356
0.2612619622909159 0.2145922922252721
0.54584532438812 0.48103827808472366
0.6964417251195204 0.8109206694333969
0.09985454923246272 0.6929877502054156
0.07116299152166955 0.628614854053195
0.648187420347078 0.6219040767675893
0.4355189178092662 0.5831129556153994
0.7028318905921205 0.8209275014887437
0.28468571536147036 0.99478595902566
0.42272712885022456 0.743618040273576
0.5318643680515341 0.05739426220818444
0.7354840256470208 0.13043690072242972
0.36739014394373143 0.2912616039537316
0.9056928995616511 0.3630026257472836
0.5363532223973889 0.6318000855612227
0.6872553599663946 0.9148729467669501
0.324733719067572 0.6196485091327136
0.5065483267081344 0.8100975677445889
0.28128812400273934 0.8030057251565196
0.9983561439723959 0.7548526731419791
0.15350344512595798 0.8923174996549943
0.8973444346025969 0.03257119870808381
0.508191543643487 0.7587842859440918
0.11026204513690338 0.8865446208300051
0.818223898501493 0.7711856330558576
0.5491233192417445 0.005345580643437043
0.9758632318745822 0.2796255803043901
0.28501023758040367 0.12070760718668982
0.32981870761959525 0.035157989881700616
0.08613787772340749 0.820698646743591
0.6108507291903942 0.5288519047826213
0.36396326641580634 0.8364142304952265
0.6056331746565293 0.241373235154808
0.6361934542227393 0.8581504534362462
0.9052609434092598 0.0585570132575679
0.5804070140256747 0.3825777727828889
0.0845250903708332 0.9362200746762519
0.10374218931923644 0.6511660289181667
0.7061988026624895 0.3173099788825656
0.08650383966663201 0.07458969431626641
0.08927017426498678 0.9555569414218649
0.7883063172118544 0.014824561738759059
0.6088217215185399 0.5975769337732864
0.5879782391817391 0.610172569281459
0.5700162852492532 0.02286616563964064
0.9347406131771262 0.9078819591826895
0.9181046395398068 0.6309572183914371
0.9858132207541125 0.8679804012883697
