253
0.894903 0.379541
1.14536 0.584643
1.24828 1.0363
0.928118 0.457041
0.898431 0.488149
1.08046 0.539677
0.867592 0.508601
1.20066 0.726609
1.03053 0.547662
1.18577 1.06383
1.14435 0.640839
1.09017 0.590566
1.15101 0.679817
1.00562 0.546636
1.21105 0.834289
1.01839 0.566872
1.18078 0.769912
1.1438 0.704123
1.11251 0.658769
1.1824 0.834326
1.18433 0.846014
1.10541 0.683087
1.17974 1.07251
0.922348 0.635734
1.19199 1.04463
1.19979 1.00861
1.08632 0.686293
0.896887 0.647764
1.1869 1.05473
1.12569 0.745688
1.19631 1.00184
1.19165 1.02258
1.0897 0.71392
0.986771 0.661982
0.981793 0.665925
1.17321 1.07848
1.05589 0.697668
1.19159 0.895458
1.15484 0.796897
1.18652 1.01269
1.11776 0.758361
1.18313 0.865861
1.13511 1.1134
0.983133 0.682283
1.13955 1.10299
0.973621 0.681119
1.14969 0.804605
1.07249 0.729877
1.18472 0.968268
1.18599 0.931912
0.989926 0.695126
1.16836 1.02567
1.05337 0.720878
1.12933 0.788942
1.16921 0.8567
1.12023 1.10275
0.972249 0.705978
1.16006 0.851637
1.14629 1.04849
1.17735 0.980073
1.17015 0.888956
1.12508 1.07416
1.01409 0.721507
0.904646 0.722413
1.16947 0.910057
1.15866 0.99189
1.16267 0.915701
1.15489 0.888597
1.13426 1.04777
1.1052 0.799061
0.928291 0.731134
1.13222 0.833389
0.952096 0.729268
1.12348 1.06149
1.06912 0.76994
1.07106 0.772294
1.11574 1.06766
1.15126 0.88884
1.15358 0.949021
1.08779 0.797209
1.15077 0.914348
0.914775 0.745931
1.13207 0.856607
1.12883 1.03395
1.08169 0.792952
1.13361 1.01473
1.10728 1.06783
1.12449 1.03659
1.12409 1.03666
1.13642 0.896159
1.01184 0.771874
1.10105 0.825124
1.13709 0.997076
0.965995 0.766074
1.07614 0.803043
1.07154 0.799865
1.13237 0.99236
0.927674 0.772671
1.11793 0.865734
1.11076 1.04984
1.05538 0.788955
1.13006 0.991333
1.12912 0.992258
0.959457 0.777258
1.11206 0.865859
1.06947 0.809738
1.12684 0.995639
1.11358 0.873138
1.09481 0.834206
0.99935 0.782622
1.10829 1.03427
1.07351 0.819557
1.11817 0.999569
1.09262 0.85452
1.11242 0.915712
0.933524 0.784168
1.0878 0.852454
1.06836 0.825038
1.09159 1.05462
1.11771 0.99332
1.09087 0.868535
1.00608 0.800894
1.10601 0.901859
0.934474 0.797134
1.03134 0.813114
1.03027 0.813463
1.09578 1.02787
1.03256 0.816375
1.10083 0.933707
1.0281 0.816688
0.93751 0.810288
1.09591 0.997228
1.0655 0.845211
1.03598 0.822322
1.03225 0.823774
1.05055 0.83741
1.04777 0.836869
1.08911 1.00535
1.10195 0.94874
1.03063 0.82474
1.09766 0.967648
1.07558 0.878067
1.00909 0.823113
1.05234 0.845944
1.04716 0.844525
1.07997 0.89219
1.09101 0.923908
0.966833 0.831525
1.016 0.842734
1.08747 0.978114
1.06081 0.87323
1.05342 0.866235
1.05248 0.866858
0.9895 0.843913
1.08076 0.987943
1.06054 0.8815
0.97533 0.843628
1.0714 0.895657
1.08551 0.928176
0.994636 0.851885
1.08169 0.93123
1.07826 0.989261
1.03243 0.865529
1.05543 0.884774
1.07764 0.986236
1.07676 0.987307
1.06566 0.908977
1.08072 0.9422
0.990684 0.857798
1.08108 0.944918
1.02083 0.868462
1.07949 0.956456
1.03106 0.875
1.07193 0.923105
1.05442 0.895458
0.968891 0.861493
1.01657 0.870184
1.0078 0.866814
1.05883 0.904223
1.01015 0.868224
1.04874 0.893594
0.999935 0.867897
1.06779 0.940378
1.06617 0.973843
1.06283 0.931388
0.990708 0.87074
1.06219 0.930769
1.03182 0.886365
1.05213 0.996691
1.06099 0.947172
1.02616 0.885109
1.04127 0.897254
1.05926 0.96281
0.999262 0.879854
1.05631 0.926351
1.0581 0.954325
1.05646 0.955775
1.05749 0.942466
1.04763 0.983374
1.03263 0.907971
1.04254 0.917921
1.00315 0.893924
0.986941 0.890813
1.04931 0.968428
1.04225 0.926293
1.03087 0.910434
1.037 0.980101
1.02945 0.929015
1.00663 0.902262
1.01111 0.906287
1.01907 0.912485
1.01587 0.910301
1.00218 0.910109
1.03613 0.948512
1.00777 0.914096
1.02203 0.929187
1.01611 0.921094
1.02107 0.948826
1.12926 1.13289
1.1654 1.09315
1.11475 1.13657
0.948306 0.864032
0.957904 0.865879
0.708718 0.511914
0.804667 0.597849
0.854627 0.702658
0.856432 0.718112
1.08737 1.09607
1.08853 1.0802
1.08441 1.07183
0.9314 0.829597
0.926485 0.844889
0.934894 0.852556
1.0571 1.02163
1.05344 1.01388
1.04453 1.02476
0.958834 0.868529
0.967257 0.89472
1.03225 0.999584
1.03272 0.99331
1.03215 0.990611
0.966993 0.905069
1.0264 0.985376
1.0272 0.972388
1.02533 0.966571
0.997505 0.923797
1.00192 0.927108
0.980256 0.927655
1.0077 0.956631
1.00727 0.949901
0.995067 0.936235
0.990367 0.936218
0.991349 0.940442
