52
0.00833185 0.975663
0.0473182 0.417192
0.312602 0.390642
0.0199947 0.176207
0.353254 0.4892
0.0979569 0.208056
0.0531155 0.19862
0.00237275 0.353599
0.212795 0.357917
0.0864013 0.395614
0.00379827 0.565698
0.0308853 0.354185
0.185642 0.807405
0.879508 1.19061
0.45588 0.384192
0.0591814 0.240948
0.258894 0.494487
0.0791533 0.585733
0.0281378 0.637533
0.143148 0.351452
0.112839 1.09374
0.132101 0.149637
0.0395047 0.0756031
0.000247699 0.147867
0.0295367 0.123472
0.0239835 0.0453765
0.199391 0.200589
0.0647011 0.160084
0.000503228 0.127518
0.0557512 0.50848
0.0196612 0.310074
0.0492422 0.191374
0.118048 0.422068
0.0241944 0.145482
0.0375678 0.120583
0.0321938 0.686374
0.0336298 0.200351
0.147398 0.405729
0.0750717 0.172234
0.0903906 0.222942
0.00312066 0.33603
0.0270896 0.79031
0.0612127 0.631965
0.0351548 0.434688
0.022163 0.0876655
0.0195244 0.0564794
0.0404601 0.0561726
0.0237951 0.0514576
0.00309738 0.0573562
0.0507479 0.082085
0.0164717 0.0949424
0.0159452 0.043243
