100
1.199089510776678 0.24184824576571173
0.1748436915476251 0.5871406218815863
0.0895646094482428 0.4858890051970162
0.1180924127737979 0.7278591456608228
2.2454430813770485 1.518477509332719
2.6535275435082686 1.27455836633893
0.13628495533296311 1.2665298322437972
0.8843026597207262 1.0406863982312777
0.23025231454854045 1.0383900555565069
0.8872629546049391 2.8307485978196487
0.42431643705624894 1.0395901900646185
5.27397246498488 0.3274287066650393
0.313560633224473 0.5436712562704693
1.8188682803937886 0.8559310441827797
0.17826612321606744 2.30327650971452
4.886187037710939 2.163649176349806
0.2075994110965287 1.2183768590148671
5.0898167344604515 1.3320700486015484
0.21689685650383508 0.03417566868751472
0.5174963441897509 0.005053130688289414
1.9547833018196237 0.1609894648687544
0.8116666543843815 0.010256517998442407
4.149747603955631 1.8448944284985025
0.4195173358947667 0.8357421202489931
1.60867496083461 0.4609071620647323
0.41031332955935623 0.04769402718916355
1.4965256041242057 0.2559287859817253
0.34843193018184426 0.190715735562436
0.522571362283161 0.12049235404662953
0.34604980920258827 0.23700456730632802
1.5613592103273002 1.8843939933791267
0.8901876967490706 2.6015106543498376
1.009420440653937 0.16712902489571071
0.1075858778782321 0.27135107990468943
1.7464964902471878 3.6279512251124086
2.741690663862686 0.2501105479901335
0.7099941802007957 1.5997131105875309
0.19301636945258294 0.6837831980805965
0.5010499238369417 1.0873197086055189
0.44930724769684505 2.9947994314212205
0.36283860829236225 0.20985844175409277
1.291737332218643 1.1630003316588506
0.6015569862124241 1.6380650881421492
0.8552410855834413 0.5800307752978218
0.8619786999485084 0.07784579812962585
0.015590605572320112 0.647718183811298
0.4182605096993792 4.652188524364652
0.6647615941859539 0.06672167577794898
0.20736415156242274 1.0538295967080886
1.615980265605346 1.5274795881072194
1.0885297323912055 1.7920257862706261
0.37761022227347985 0.4783829418974934
0.01459270601039141 1.206989067486362
0.036954318566508715 0.21451001209680767
1.0875427983306072 0.49061688517020374
0.48948429643004054 0.03323079915320993
0.2863101130156691 1.0196046285576308
1.762911742270483 0.06505683828653594
2.0670859934130648 0.20531336122355895
0.10933174313481621 4.188297872360096
2.9853056915464604 0.10690470513557612
2.906935369845161 1.5191455710608963
3.9508439749586017 1.323260635713821
0.6641980406765535 2.681097091439542
0.7494130445300842 0.9914347048711825
0.1165119063443246 0.09359866664123605
0.1895747821224092 0.6290604210766145
2.2165942516953496 0.15301591267768747
2.1007472962773384 0.00649765532014784
0.20011826485590764 0.43525253770967004
0.6638637503728478 1.279653763690977
0.4794812102816925 1.229698303029096
0.20384762181124458 0.014584480221107676
1.4880162516633948 1.5628468644404503
0.8066753663583214 2.8108691133970414
0.07121608506391132 0.8829169350912828
2.1493566284281878 1.0193804124546675
1.1441806053598613 0.026507932311394596
1.809552760230804 0.20172423579449617
0.17609554287800827 0.8984695701823636
0.6182631871765712 0.4801932448210086
2.415767835738385 0.3877722911829771
0.5196747964115387 0.7818190285925913
0.39761199950545406 0.6185130661272311
0.41366857665135925 1.9046468140685828
0.2935740283350533 0.9681378284585218
2.9138691212202996 0.14796115989333328
0.32376545505592397 0.2223227031909391
0.5871779525448709 1.117970234172381
1.9008558342127715 0.6940789072667227
0.6401547424999199 1.1450278813111197
3.2862707620627756 0.3296471734691473
0.4337133746277012 0.10038829484964393
0.3260161313624001 0.10065064921635233
0.1873146720097429 2.9286346993658285
1.3443803941755714 0.8773348197920955
0.16606041170174127 0.11906987051760914
0.8123259748083226 0.8342218428231184
0.4193547551068966 2.489073962153077
0.059105297656226484 0.39603833640654207
