100
1.5536416309914822 7.948974724068435
1.163557430827867 1.7715386731451455
6.022413713661906 0.4467563089675463
5.795508369192322 16.18839879896906
1.6919127751476835 2.6382178712196263
2.6949180123368652 0.47858737431859294
4.427977356587187 6.464747702181031
6.3835477479222416 2.189852332572738
3.060614120123274 2.5909383783376247
0.2695840386425707 7.255853024115625
4.509523795320627 2.9042453396903696
6.1999107982131365 11.770399148830842
1.5192165210158997 2.2315249339406966
3.3341233707198157 1.4617329789300844
1.4537057867372036 2.879067475550424
5.864876941027897 2.7282818708536882
2.8813775844553153 1.0375030241098533
5.524199455760516 0.7727553698643318
3.768247912549758 8.094859002686134
12.217868114408997 5.40473279107243
1.796152724552332 16.500287838446784
8.020056824645517 0.8083389456012732
1.4504138705975926 3.5557291487591476
2.3960744287296456 4.330439685776532
2.4446453695984616 11.962043007507846
1.1588131716971146 3.952410822907596
1.2009415114803463 4.60984615648138
12.032952604004857 12.558556804886653
1.1175735794288426 8.9105148849727
2.053654129804102 5.647197365973565
2.515923492219191 2.532815880518832
1.1525238692578226 11.838852080950609
3.8577010817436306 3.7887246014149087
7.7849981694656085 8.417335465402472
2.218755621499733 2.379290684285709
2.8219945923368552 5.9650413791139565
1.4619001902158666 5.27195322026682
5.891689272316021 3.2283837116746468
6.637135041250283 9.169553179734676
2.4984252369290294 5.9951164873602
1.7121722422906576 9.387063308477751
4.468294047961434 4.019136228765439
0.723799671674854 4.129860519078294
5.511258020106207 6.9636388202565165
2.8091392001029107 2.425919366345524
4.489475190002023 9.2178540476008
3.040124070281734 0.29839866799771864
3.210712992498907 0.6632023012901571
1.8826811338326541 5.011510862989951
1.367956147380015 2.637942717138344
4.06296293495466 2.5236412997055973
5.8231336660959965 2.5436496638123023
4.108583241801537 1.0320678454609689
3.0402368174226835 2.1531868538329864
2.1162162848876593 4.609110469571966
5.76021648152141 0.9168455727557919
4.245350305513533 6.6936671810251225
3.2619486210909048 3.365468788633157
0.38397977748612255 4.590924704736396
1.318186645583019 0.9240332303194345
8.276336567069295 2.6504296913727545
3.0345280310977945 3.3683504009599536
3.5919495725141 4.890492397861225
5.550684688798151 2.536032548173282
3.9629512600829564 14.124694472843995
6.8353809641291825 11.78634409491608
0.5946640709682732 5.342219322972023
0.3686401971207257 3.591884646699329
1.805091555081949 2.3409139452437278
2.202616749402182 1.6291202469014727
3.502775896625808 1.5499291615059205
9.511976474540983 4.276587305179266
2.5777083512324777 5.87519556486737
5.462813555355581 0.6407690534349654
7.932096394440002 2.679270847730929
0.7528776314373757 1.3573088032689442
2.1260416134010045 8.826671470319393
2.2732260417718915 1.3957564415721042
6.861053964438641 2.7113946610973874
3.2953449493421076 1.03183566900618
1.5568022457175121 2.0652780407266147
2.944700285734377 4.823019473709569
0.13384778054373364 6.157513651121609
0.8603125865755501 1.3777499742122545
1.7235761139568726 4.309553090465736
7.8042456395862025 3.1817026005007594
3.5911082341234133 1.8837762879253837
1.1234728928747122 0.790921990160781
6.330896241879971 1.8120407423662748
14.11294975703806 5.312962353614922
10.149335825035623 4.464938131454969
3.759093166475017 3.7089435562943107
0.6761135075362064 4.154787652875379
0.9133972879665142 5.701394970262071
1.4102660863814314 2.107514534830779
3.512427601378143 2.3778561273653285
2.3755766659839512 9.069431917524096
5.962756128916084 4.705099357768737
5.1445812359977285 14.363910510456757
8.495067675775319 2.4926834631962875
