86
5.65 15.85
5.1 15.1
5.7 14.7
6.5 15.35
6.75 16.1
4.7 16.7
4.05 16.15
4.3 15.35
6.7 17.7
7.9 17.35
7.55 16.15
7.55 15.5
6.15 17.35
5.25 17.9
4.45 14.05
6.4 13.7
7.4 14.35
2.1 15.4
2.95 17.1
3.8 17.5
3.15 16.1
3.15 15
5.65 14.45
6.1 16.4
4.35 17.2
7.1 18.75
8.3 16.8
8.65 16.05
8.6 15.05
6.9 14.75
4.95 16.15
5.4 17.35
4.55 18.5
6.45 18.3
3.5 13.95
5.1 13.9
5.1 10.75
3.6 10.05
4.2 9.5
4.4 8.45
4.45 8
2.65 8.45
3.05 8.95
3.5 6.8
6.8 6.8
5.95 8.1
5.95 8.75
6.4 9.85
4.6 10.05
6.5 10.35
7.45 10.05
7.2 9.3
7.2 8.75
5.65 9.6
5.35 9.6
3.2 8.2
3.65 7.35
5.3 6
5.35 7.1
5.2 7.3
4.75 6.95
5.35 8.45
5.7 8.75
6.55 7.3
6.95 7.35
7.35 8.25
7.6 7.6
7.75 9.15
8.35 8.45
6 8.7
3.65 8.7
3.7 14.7
3.8 16.45
1.25 16.55
1.9 16.5
2.05 17.45
2.9 17.9
2.9 18.1
4.1 18.7
5.7 18.7
5.75 18.45
7.65 18.05
8.3 18
7.45 17.45
8.85 17.1
9.25 16.05