40
7.927021079032165 8.616128548947584
-5.422153036458717 -6.798673337028774
3.452201313566372 7.802515887451837
5.432152816735689 9.576875678685596
-3.202352623242383 -9.728568839409208
-6.500642563750948 -9.448194374048434
6.337362197765666 10.973471508702037
-6.518362062768165 -7.479745631424134
6.102109177646599 10.761660885623787
-5.962114801787749 11.924186123989678
4.190832935646093 12.59872581787187
-2.119941484202196 8.547637695990886
-4.032059325844192 -10.014279740599239
-7.444416726665997 9.254122776261802
-6.428580444725974 -7.209741311892511
-3.760643624578692 8.925615591696557
-6.854727266000153 -8.047935901702637
2.6079090186436438 14.080875694007881
-4.521116978632639 8.784894796144897
-5.659253844215446 9.234058114692687
4.656254433527856 9.341727777987662
-0.7195423029242152 8.3788839319525
2.838264090082344 6.441807039912942
-5.3611717264141845 -3.1389985505107036
-8.141218550232836 -11.61841207642312
-4.672402975043571 7.7883570122800965
-3.1777232274683955 8.68722576953898
-6.228521221070799 -8.19230136599433
7.387079188805465 9.5715992593016
-4.458100679775251 -10.971696540377636
-6.261923796278524 -4.990801482294657
-5.549004126312626 9.007235669955888
-5.6777400072589925 12.490953071192486
-2.572827088551153 -8.87220685746113
5.37429854818928 7.59476636088446
4.600779471819005 8.800287270284503
-4.132957992772993 7.738262816016212
-6.04786304125751 7.50828701425617
4.157730618766281 12.021111908791177
-5.3083957519648655 7.90109245595892
