400
7.4254429796568 2.555135647462329
6.692783316917794 2.2322823228157036
3.9591349494141754 4.466969096956016
0.46310446668927735 2.429242673143119
2.858727822672886 9.884790899104786
3.234859824309717 4.420345891578279
2.3128622262146585 3.479316985588976
7.042473022387488 1.967690770106814
0.5646161253943776 2.1614608257643284
3.6392642705662888 2.518005728808243
4.539822061790274 1.984656292003497
18.202988663320212 4.145555859923723
1.8424696682274564 9.073132866548935
8.648268934090751 3.6872345659305745
3.0640564627628106 6.213592896335742
1.3237003792206772 3.5819990547327296
4.374353595993487 3.6196806256384906
2.0787152559752173 2.648304021735954
3.627209715426983 3.742858326954796
5.682444678390846 3.6725753166655437
4.62743631749958 12.0935986319287
12.098138551393381 7.637305687718733
3.1223850477410826 2.041759224849453
1.839591812408195 2.064019691891781
0.6070874906658589 3.8194798001462145
4.9655769989290555 0.33207746092764723
5.214202853830856 1.6626607171237455
2.263385137727949 12.623329332751744
6.618620066488251 2.2728266261699726
1.114927379696375 4.920480927364841
3.374898057907856 7.873680550504201
3.2270119165942197 6.1039793923585535
1.8994178090157192 2.023197167954422
4.461478571128676 0.4238005151939923
7.737343574086064 1.8993279180284939
4.3898416776047435 6.15827164474279
8.635326611488383 2.9864399661288408
4.582630237704613 2.7321911718201513
3.6140439820699672 2.392814863148715
7.134072856166864 4.719847759615449
7.576209149659616 7.512988733582737
10.627330940326734 1.2307371750007852
2.0815901198318065 12.42274280778729
5.941712580670633 3.528695155625618
2.0747384379834513 5.922038273060629
2.938131875383267 9.462565442192968
3.0304457262380424 2.27354521659818
7.805065056466717 3.7450180664047523
2.4241888763373716 7.587402140704819
5.187748947087838 2.8165712810189345
3.9014676763384744 10.24158277569309
2.720635753442432 6.48081866685312
6.661803660060105 3.5825257391782372
2.5206436375874315 5.4408675439729555
5.523437958306844 1.3774541108691258
0.560180578818576 3.7117333048302523
1.8777677540239457 1.256149129486419
2.653396185403771 5.3463356714481405
6.878582412224099 4.776263826137521
6.702434082271783 3.5292513663556124
3.785306224591465 4.010194961291842
3.400960241593046 4.0204961810974895
3.509814827682234 0.17384637988635215
3.3671799110236753 2.7098884708651614
3.4879783244751947 2.4852625486420266
0.8932157545528406 1.9042878012914293
6.663954519349416 4.459701998103792
4.827934128120565 4.724021660664783
2.1802284276177577 3.3709813022899526
1.4256286653218575 0.6472172925952631
6.0437706529483375 2.5418020983833984
1.4637827479252206 2.0486422126942285
5.320205527499332 0.6174217068442238
1.8815820303202757 2.2433203169220217
6.766512102287096 2.9171013378707955
2.0553039329272362 0.39085693250817183
4.022459060239478 15.899474345663194
1.6700487230782532 7.930311142215549
0.8937168587235499 2.6866794911501186
4.428045632664795 1.2104172201593861
6.143981847761161 4.827919536159217
2.7173746496551923 3.8935882728927638
0.9738031295208005 3.203824366910721
1.5850869639697713 2.7404217037110783
2.7210813938709917 4.8706014967567715
5.611794396673094 2.6890130637053815
1.294872184423872 3.8814426893172445
1.09224523488424 7.71537527710465
9.417650022807244 10.659862871487139
2.888214725860498 1.6715691687991578
6.024087330911553 1.5529823661094226
5.852702717601563 1.5231098696586378
3.891938453802871 6.475879928544414
13.300849122817292 4.83477343866756
1.9998001986979594 4.978547349728602
3.182906302557362 4.696160670593625
11.78665270389417 1.4860890138980962
3.3574089859955913 2.103615366720423
4.512941621868162 2.772597132600577
5.442673355238004 8.705241318067392
2.6742107231270715 2.140924613335306
14.077092958408096 1.5498571887255723
3.6446210802795176 5.516210537849024
13.455752593201042 1.7492775801226257
1.9135464233825865 1.2931060181242084
4.8260579529098875 0.7991803992897191
7.404323513940505 5.288358313199703
5.381627293986106 8.63614275943889
4.335064237083419 7.138322148198119
0.9484052636209808 8.30545115271967
3.436356385710447 5.831518360234237
2.966276518394508 0.8971924959733057
2.212789616832171 4.257119194808584
1.071644733575494 3.467518787401914
1.9740674460953334 1.8382876433818833
0.29428944901905 7.876455240587408
4.979574826626654 7.060214594481077
4.78474587948991 5.571000448829605
1.7124579664065747 4.442355357629567
1.2764128485851984 2.6716561360243745
1.6804336199452896 4.464702876069999
2.3490864684326827 8.87781468749546
0.4562894380253017 0.765544936938117
7.548406624126414 4.179856766732262
2.1374706153460608 5.018760666757239
1.8425967920091846 5.606910155403002
1.8445474152192352 6.763972399636482
0.9442374542462689 1.5668937615394143
2.3876018900306053 2.0757291882301288
4.727655525559017 9.049510260595557
6.173797527418992 5.587792664298104
1.9206488752615314 3.7661529967572123
7.563056171387869 2.8063743553694778
2.715046417107078 8.842900546638411
7.9391639594167 2.825725842600706
2.762908913267079 2.552447996975328
0.9340033388356225 4.390906823072653
2.4377671567700716 4.490855367505936
6.298436326499144 5.2829702233936855
6.735564508880895 3.965833070346798
1.5977407709771816 3.752048496930353
0.9534658026945988 6.008252481199662
7.086545523399703 4.292348050489621
3.870271735826298 1.4733772883211766
3.1792879872691144 4.836455161759588
4.469873060513007 12.727321893512462
5.126274278695632 5.580941882205939
8.125808052654786 5.375463619105449
4.174053482427586 4.789363951600554
2.657201408397305 2.768111560102366
5.322356379363356 2.683640906611611
3.7275124315631087 3.5986453635100553
0.17176454861796542 6.083032680642585
2.706563480482225 1.2208897849231124
2.4499071414998244 10.59144581296684
3.0073345504946527 2.069935199465028
0.8946716357933587 4.917418262400513
1.817964270759692 5.707723100868178
0.9340134667411589 1.6934787966536295
1.4486154014302173 1.7540208993825628
2.3541343231504603 2.0358261514059803
3.6585517087259243 7.3733102800261685
10.410202663855479 4.420129157721991
10.561269992457962 1.4727944740628518
5.6207226320159975 6.159446469749734
0.6431049306524521 2.138953581750741
5.748427803353189 1.4415611292135944
11.435349083202969 7.1223771769955375
5.52261063329125 2.4704230061077843
3.373102642304839 2.893342386406656
5.346127787233058 1.749043176611239
1.292565549407091 2.8336075099201254
1.5726679963465187 2.228565462804075
0.3599955781914696 1.2455594447348592
1.5111702336572983 6.624836301712444
1.7753292872411472 6.000859167461882
2.007229447842436 7.638212043540797
5.569178663667091 3.6219792743854606
4.366473841759804 2.5017919168949754
3.6856826530763063 4.127301204421896
1.8683360461845722 5.956654572915458
4.031147261719716 12.45336928043595
5.959342795996532 9.253546579735886
3.613155952981598 2.414128544409417
3.2280754297735035 1.3804378920816038
1.1500285324908832 1.9844335266484934
4.330699425788471 3.7288284342312625
1.5846625258973421 2.6441912970691464
6.242663077177489 6.638141282043325
2.308442164481815 1.7479122080090452
1.2312645738101466 1.2985741261295098
2.3039977109773235 1.7340719744673865
2.2517204749077226 1.105209832538481
2.915984095030003 4.356274756725416
5.47847328205679 6.050810730384572
2.3412373338765873 11.71714378566399
5.4559030020865675 4.949455022439568
7.392500710314707 0.6112207187831169
5.680825227064728 1.2577513040318797
4.104759346302138 1.14940048527485
2.0843988085391687 1.712283509841924
5.76497064313375 4.217897937182291
2.7437088097320546 5.2463702904129175
3.6955367401256995 2.719493147988487
5.415249705517324 12.040784541696134
9.018406150697865 3.895974451260041
3.9619882268839435 10.968973376913993
1.5975651652137954 8.438516500887292
4.466845171931282 0.16106702866154077
7.54285152332128 1.604584251469576
4.316980025144017 2.9196185555270366
3.4995643742172264 3.3678318577853994
1.8111557890098222 4.909100730868559
9.644820192318127 8.833452215369821
6.460566676604544 3.3611876573683452
1.1473885913010051 3.267603325364409
6.219691756185069 5.14767681730297
2.9764987388743034 0.8171331683468535
2.1523612062931696 4.899279755371311
1.2477541248933055 1.4608443062173562
0.6659895172543608 1.866432558536678
0.7417092373673148 5.261919720668879
5.3598716605959735 2.9795035205613836
3.247133382349611 2.7493769790151132
1.658738006305673 3.605370789433442
1.3679910893607838 3.5413307220675456
0.5496229287682576 3.0804827959120846
0.12781860367664993 3.0110787801491052
3.5013745621457044 6.940004330066629
2.771578939524419 0.8626570571593419
1.6036733705377202 4.428149525971982
4.950797736450498 4.049370739067889
3.4310702733963647 9.289882772929461
1.9403383808884398 1.9617441847752537
6.614828905298082 4.37131188995467
8.783695919523648 0.7340096214618091
2.433618118603168 0.7063516939792286
8.26377772099923 5.6847038952177815
1.1196211486220757 3.5333827239148694
2.846857772365646 0.8213856581558662
9.771887718894824 1.0408299506631105
2.391708239702544 3.6997717256266833
6.534798374684803 2.8534903871418535
6.367076265339427 0.6263314228543597
1.7727834430046168 3.405835142062494
3.073276243504473 1.5539809518181957
1.8939406786762423 1.7709754753602012
6.280361956819793 1.5755428044073532
1.5542982396204368 5.4215608572124205
7.812509525052599 5.358536393307326
3.4719576491462423 2.1440579840902205
9.871997853422387 4.802513184409088
2.707784784169457 5.2691346248990225
3.6188152507533644 4.79072590879566
3.423738444929494 7.500701085141284
5.5401034417384745 6.592701919801855
6.106158622949999 4.630750027957608
0.5233337150131698 3.9788861297250553
8.838515383653432 1.6772592125996644
4.306048758010092 2.194932840507136
1.0038793810123505 4.607317186866781
2.318980847375767 1.359885269294726
4.636561048727316 4.776944361178457
5.348058959395311 3.2091500945225477
6.531152942081298 1.066769669227634
2.281684732001202 2.2693951294669494
1.87893404663313 3.2834921819107272
7.619891004915571 5.784705864234384
1.673728293741532 10.487218376233114
2.7734080035965887 4.403968732494699
0.6347951382459875 6.371323928408302
6.859354295922475 1.4966019158096036
4.250882896145756 0.7350240565839631
9.185227081647003 0.6912254584874923
3.5124334374765986 6.09201226112638
4.264114032941915 1.9034379862152366
0.5574835369517539 0.6718252598144245
11.371068587169798 0.4872830148019005
7.9912226570689855 4.059075800449292
1.897272131117089 6.242496897643254
2.800980021030835 1.8619434264502381
6.4505520672094265 4.465807151173419
1.0305326753895974 0.3895569785328818
1.6565005713905219 1.3134381764173009
3.5506968892528143 2.845946601453406
2.6724568563166056 5.792785445833103
9.026695126289116 1.4073586323415561
7.7624963193014995 2.99763333216316
2.1370442842903756 3.1953122861601613
6.318185811747535 0.8908679344255244
0.9269805664439728 7.801039163898217
3.813714657033059 0.23334153391807025
1.3628408350842576 11.091108182611176
7.981472078034193 5.958004906296613
2.0491158870387403 1.3817248419241748
3.801416581337096 7.119506013220908
3.9062396795515637 3.378476816637172
10.718801972394415 4.011503561107043
1.5355249392790116 4.6897094513151485
2.402485351590116 8.300688003314397
4.6667928581362075 2.6885489956653017
3.1030855449726453 5.250279784651642
2.253537677775166 3.4534516399962034
2.075533924586414 3.8429098435012996
1.9723885533601349 1.5430356292159757
1.1398094683660445 7.080162022220974
4.168291575438798 0.932738610470187
3.683488896641421 0.4137581150133491
3.620446448043073 2.6302340906661774
1.298311363939478 2.1212820674977166
2.7635096317336973 4.395014851224664
6.148950291726092 7.871247801542411
8.519115332265956 3.7502840932151256
2.541126606198458 1.0804800608460103
3.5779994063763474 5.697802683073595
3.4551893037933885 2.530102795913289
1.2987771779828858 3.4759554903047962
1.493388686703495 2.459671183571181
5.26748902105266 2.0280986476262055
0.7538670207107677 1.8619512004327385
6.562764168342172 3.3614106635168373
2.610675801487849 4.153495623833039
1.1411822672012275 4.701460952527006
2.0890763133235204 2.0395038101352068
2.5411767567989445 5.790439087646879
2.384517406574752 1.1123508571514336
2.2035088267470178 1.512686339632773
0.7398425638164766 7.3715230186535186
7.584111691119941 6.5164229611429505
4.485997416947453 0.7855758042286364
6.224393482009754 1.6714868150893307
5.554169874541151 4.71076185759984
0.2956823423162638 7.420391310511453
2.050750086303467 6.432544236263769
6.669123394578975 4.864409731091261
3.594752133257416 1.908458201158023
2.129074998115649 3.293880442237242
3.338017667489471 4.484591475709573
0.132158441142373 2.4279335361145127
4.899795999666453 3.1463968299656826
2.461643775422674 4.177454454131494
7.902758889637837 0.8594465074357799
5.2083062846134744 2.72891328666063
2.628521614720454 2.1239809952864204
0.7919944958728634 3.8494738639675252
2.6349319303124257 2.0960854819487644
5.505312892063826 5.021504063708268
3.956984805665193 0.37702198258485276
2.0445405870402427 11.743030677894255
0.562552886216902 4.600591689831731
2.346644051796663 3.6970374899802314
3.5945736130662516 0.15951792464877337
4.454953535464182 3.0772131418760273
3.5682033604674634 8.806479914425992
2.525033885632486 3.503213425144298
5.669991255661487 5.124541332213824
1.2781972077995205 3.554153133568001
12.336684315548059 10.013955721961766
3.318348014840413 1.692821348396733
5.204480789810648 1.261688239685354
5.1219842864745635 0.7909827568305252
3.6438914465415517 4.5208674090081304
1.4909860103396488 1.8263892033393503
1.0434798665976863 4.175670093629036
1.2651907467941483 1.6307380716074118
0.042172791207166646 1.905157572109549
0.9749451770564188 4.114621898295797
3.014820103790505 6.097498696101472
12.284861927807285 1.0481833658742472
3.4290454037119686 0.30548705754923694
0.8355240592359627 4.390974270645057
2.065178060629676 8.852815223245955
6.391781064451581 2.5068212720130556
0.5720581176548134 2.6081798343762927
3.413727292663032 2.8984125070804874
3.7174862027506803 4.098439643391709
0.2545014836875351 3.394957422062263
7.123915752532743 6.424402930870317
5.1190216938697 1.2208360811138113
6.943810552730063 1.9104821584788423
5.167590233768824 5.892102672797514
2.705490987889224 3.747707693835802
8.88842943543207 6.114838932724201
1.9393591659459453 3.6270692881559397
3.829483391997401 1.7312929892688598
1.3164006409277864 2.1225758825944574
1.487279230635195 5.145799647476383
10.901776468348405 3.415730466712028
3.840885408958419 0.9073610715260435
18.383952613737378 4.722222324897719
5.96920622031286 2.0476454813810037
9.594046894936843 2.1516652135376724
1.8000607309608205 2.3140099156143354
1.5484691669314596 6.385751761508439
1.5784427761806188 2.6663021516748957
2.8794680269489272 1.8959176044177581
1.7961269187930329 8.114692286796311
3.465345587597309 5.68871038933099
2.89527106296374 3.548302235119034
4.72986733721488 7.021873325336784
