100
8.873727194968701 1.3270878827772292
9.589628919921617 10.145427937335379
40.29865975847569 20.720623394554924
34.806975823415044 20.986080606734912
16.243651490908377 9.267335750066962
118.10045690511522 5.944257022680787
34.37279793442443 17.256744488410504
23.040119972738918 1.6334097382915134
11.473222409793877 36.32802456558838
18.820359984151544 18.327514091668444
34.35644841264858 39.580411063665295
20.472801744785997 19.945920992080243
132.31348827879185 35.27333428967835
101.83459129981775 11.548529312544511
13.634020004247281 16.33174868251709
49.556079420095216 60.73954451984891
11.259027050903198 5.79230163951501
9.681864353417462 3.69797127379889
6.622266569781827 15.820426662929535
41.53200404558521 9.13640611842929
6.820290444497199 83.32045389890793
3.2798621735709403 57.70890141656992
41.63731601644508 41.98688433466349
17.827639510823353 12.928970831954686
11.257456081993842 15.82134117227847
31.03156514154121 7.371651690538429
41.278343625661684 16.968493720069638
21.841956302474262 15.103951887081774
15.781889771338571 3.4732421444885726
83.76949442188496 56.43059854339057
15.061304163935361 58.88177424088634
23.24133274682732 12.521140161633422
5.765125634681412 11.025451196864239
46.80425336595561 17.388774113862517
38.46081836949115 36.78167670181216
14.982359344756343 6.711363476547189
12.823750495793702 6.885668741533916
66.63166172030252 8.82673079431214
59.17853417789281 29.302406300999085
76.5760346954249 15.890004233653015
21.019712878458837 6.748296343077664
59.36112829465714 14.412541410491679
23.649743871864036 11.595116357585868
7.210314370949743 45.491776623296445
8.337525903329865 29.688155883924512
133.98660501999512 9.072123785398235
21.040304943489296 21.06839630822212
17.05727704995567 8.620818694493213
65.08462265431973 28.701194389259825
22.124181422432212 76.65596250184007
55.54420650512533 4.817902718265537
70.10013665219527 19.36716194548661
28.533620475292974 26.019629579999084
10.90023336899144 65.79401376686242
35.27244894851223 27.84722528362324
60.13467378716401 16.228168676343163
14.181604359471434 152.12842182780062
7.068745601701694 31.643256568540572
130.88892924971896 28.8657677614731
48.6605138118615 2.6997025091462676
13.563518050156913 5.421172210107752
3.157626868598986 140.33396521071646
27.068626091157874 30.774987970019183
20.63363079577621 34.953537853640974
26.489331151581087 55.80063844116843
20.57503085945072 20.04548968199934
7.360874118874107 12.074652146642531
9.686506564003706 62.91237337137527
19.70214939274491 10.654057921569018
5.407487889825815 9.237581407010547
34.789703013427925 27.003753077558223
233.01577060880044 71.93873554932964
36.542490376957446 15.27752120609311
16.45599398463226 26.410951411404834
17.709881233961966 66.66692453380011
18.305704679832168 37.02027131304541
28.11057006683431 16.823826817384322
125.14376277566909 20.54101898667244
20.304063897134323 107.50544368653973
30.876805910906338 1.7199516608799665
57.61471964851944 35.13219811255942
8.375380385638346 92.37073678893898
13.663881326705711 8.448796671935538
44.66125080974788 10.559236116609501
4.758479216670807 6.107076751515656
44.66118574596006 9.814415322331968
17.09466616395094 6.749486437940068
79.81373938788107 26.777568468279284
21.96946755726314 15.67978634094891
33.90946298576778 9.910372850593776
9.134617084414623 37.98116987375366
7.926516594802119 31.95806441900087
51.17330802896303 23.112448245365126
16.86072538621434 79.789967297681
0.933402033499645 58.45675346462161
25.932033622785113 11.813793617551033
4.3496246994849015 10.090419886615056
15.981217159165288 25.313021092581636
1.9742850941954342 157.30496467327973
21.391039747430796 8.769760527573617
