200
-7.617801518531555 5.692482235024803
-1.4980016695103557 4.365993584685248
-8.590148002693395 6.0167523106700385
-8.243961101466349 6.946932876486913
-0.932113722087571 4.034972744661426
-1.5728888840589883 4.213826915121746
-1.7769908910661611 3.773791314580487
-8.528422972140516 6.170844969435532
-7.571843100270709 5.470736064591756
-0.6721655553110948 4.380343342254096
-0.5446258201003499 4.26098104713441
-0.9938766677364002 5.172139626745135
-8.22453264394205 5.044249050774362
-7.844196282914903 5.348491253690282
-1.208764618621012 4.76319683889798
-8.091566512833392 5.676749631159645
-7.414137685763256 5.400727593654453
-7.863239409122761 5.958674954354023
-7.750064896051348 6.186710035705072
-8.716970925777469 4.22538678361926
-1.3114878923254094 3.3293867650494153
-8.170654588002805 5.441561995687305
-1.36351207388873 4.332951966765044
-9.11636971731778 5.111050695943249
-1.8558940094532468 4.482970337070336
-1.5414408712673453 4.654800068234599
-2.196143070269903 5.053039229414707
-2.0807828624365214 4.081597173155135
-1.0517470277436534 4.9557645280913345
-3.081318230612726 3.558503260241961
-8.238906796419307 4.73250285060173
-1.2964156152661261 3.628448754782398
-1.3079608605885444 4.157821175929889
-1.7502712336868167 4.10061605853067
-1.624690491430109 3.9973402427056577
-0.8488638953774313 4.602312659763507
-8.653950454600954 4.890386588727369
-0.466598330382597 4.480920353118378
-8.188031592366505 6.265750136197743
-8.786417613703444 5.724209078988253
-7.818670931173962 6.627003992923748
-1.5872503268559806 4.4928047464553735
-8.591450599905635 5.243913953484411
-2.184764445016366 4.624087257644539
-8.412973821393887 5.749922486135484
-8.309158258264878 4.682461125680389
-1.2735714752361678 4.364146346840652
-7.326622895121692 5.740756952784609
-1.9060548270545725 4.115446076969466
-2.293078391229944 4.335533462751523
-8.293425963507111 6.32996717518347
-8.695125293589564 4.454553917684012
-0.3555923074293891 4.506849376426832
-8.420941257761818 4.796463514828877
-1.348744272867104 4.824734702179699
-7.443196182724715 5.323499769070687
-8.553260531060964 5.412690040448965
0.48482494325152525 4.103249528962797
-8.8780213249465 5.5648553747722485
-8.309770921762242 5.148936403234977
-8.619483659724384 4.726430997307818
-1.2616187288379062 4.900437612726726
-1.184117338840133 4.783356492060602
-0.6479594807140077 4.527515295952583
-8.706118178492689 6.81581917725896
-0.16223781539749638 3.8306735708684725
-7.840265233022133 5.937905337978736
-1.3430316946731613 4.732406402272315
-2.0366347474256177 5.0007360406187065
-7.556086432484963 6.0000267608480895
-1.195607862461028 5.054773131675873
-9.295750043908372 6.037068476058727
-7.895313921886011 5.768557699103167
-8.501065830437243 4.7279686253143485
-1.5337605617147867 4.852771456161256
-8.589547488730725 4.5315681330271875
-9.0314285015846 5.84545394347188
-1.291340909357812 4.387916833485713
-7.969394267234735 5.490384004050883
-2.611364697927651 4.513602671163789
-8.628824012463422 6.281163280858731
-0.46255979617149623 3.898589281766186
-7.910523151145653 5.6866153626632485
-1.1362008636948522 4.941982831603264
-8.9471880296963 5.599615188545862
-7.483414397808971 5.690977166076108
-9.213948578757394 5.708116265771153
-0.23607860560188243 4.027299053670964
-8.46048736939652 5.340934688668698
-0.8741310392331585 4.436789445005297
-1.3879737247882549 4.608179429654326
-1.2678162369933388 4.941914761586667
-0.4240418053063776 4.655117027139536
-8.408645189624018 6.461319557242547
-9.219944720834466 5.289419511180066
-8.519322532304408 6.067156931432589
-2.2910797717771256 4.695538571454954
-0.8759384800961922 4.289406724233753
-0.3063254810207572 5.117031063891178
-8.919366327643596 6.24185792374759
-7.8971883343527525 5.93484214814326
-7.824390156686928 5.113937235884796
-1.9816435133023793 3.5707505655624576
-9.038001681064221 5.519610454746794
-2.2166751533253013 5.171904152619268
-9.196366119880695 6.475561221130407
-1.331985213221082 4.331421197004361
-1.1586161972418514 5.536719295353485
-8.180658962985245 5.815689845372948
-8.849091596900912 5.49544688808486
-8.530699482784792 6.3142273982087
-1.1248412262185534 5.5135113338545185
-0.7666179648758334 4.324731026955443
-8.992528207472304 5.822998054644838
-1.2740884463360003 5.305059946776416
-7.575250743162306 5.428794703157065
-8.79234646367564 4.925198411878945
-0.9896794473488089 4.393291453694043
-1.5470732028658807 4.639888916618103
-0.22410372662133193 4.107797187652839
-0.9365286956772387 4.450998246653979
-1.4169779143645564 3.900894938308803
-8.132997080124067 5.146673526949414
-1.0339654623054937 4.365009406808736
-0.8803444655716026 3.511368868657941
-9.483872318703709 6.207384806078827
-2.6149253353428543 5.011347149998085
-1.2419130983651672 3.7554535538236804
-8.708066101337794 5.0908222625256085
-8.454142114313706 5.842885614600197
-8.141086025385723 5.672704387974516
-1.0383047171868542 3.6058516138908705
-8.312187234216124 5.283613073161781
-0.7754193889234657 4.4158647853328095
-1.2432792061541666 4.8463243784010945
-8.637863896268325 5.104299794392577
-8.862697388256272 6.646922188411479
-1.4488163587811094 4.942406301089022
-8.403898248679635 4.486092321897669
-1.3539314512122906 3.094451569161941
-8.653660954917553 6.376506960438297
-1.4839751642665464 5.085126355106484
-0.8690366008520494 5.03091057675749
-8.964082360618164 5.713760464093644
-1.2396120540567 5.305103634616726
-1.762842334329974 4.2970088171264464
-8.703888086279763 5.064461728189843
-1.5235217062215458 4.60699141294641
-1.914097444081249 4.279184284685218
-8.679104426576973 5.31521985352218
-8.46514084553509 4.522186599722065
-1.3519079288781592 3.997876785949011
-0.82211800797881 4.025126171775007
-8.891788821916018 5.948158026773866
-8.182033094175834 5.256692482491195
-0.7899885911930499 3.7655536180507223
-1.6242388579302212 3.751329884976346
-0.6760342924163503 4.439902180315675
-8.646624532433325 5.778260856164232
-8.274649683227757 6.039391795428709
-9.620283539094174 5.980223560189884
-1.5844680015520054 3.195893873399209
-1.5697910864149347 3.141101699629773
-9.407606800630072 6.053610965134984
-1.5127102825729613 3.8716940113902054
-7.117866020545099 6.119799442354588
-9.705415517486063 6.836653175440002
-0.9973792892086923 3.604579075308261
-8.90046613019498 5.896051098145739
-7.357800809184569 4.700011659388336
-1.6890301717129133 4.651887858576149
-2.0967416011652085 3.663126417684544
-8.144587140653858 6.004353238535824
-8.481179524484721 5.552977767910053
-9.645021071647932 5.822374315092306
-8.642498960208908 4.676714467074808
-8.533600591657775 6.618098222850302
-9.12062514907128 4.498920264765147
-0.4850303074014344 4.957656417957187
-8.474368444035616 4.545541260995041
-0.8558378524838466 5.072512584695164
-9.334812292142189 5.899350318710917
-0.9487487157060606 3.8084037805837814
-2.108522799153085 5.171580471825325
-0.4588932359270935 4.11634587298144
-1.6440209172162916 3.660316080522868
-1.2816827547128944 4.512808166799842
-8.08101079029899 6.134987227694612
-9.189989365875766 4.968365758157069
-9.268619013869595 5.99749805577692
-8.84398738197514 5.381006507750459
-8.760884940403596 5.829607767539082
-0.979334783917344 4.932490014020234
-0.12913873586325475 4.474358916598743
-0.9465396382933604 4.125339005689113
-9.464479566164359 5.919633458597947
-1.24198446848953 4.793146651784051
0.35130791001816886 5.658614754909554
-9.712483094393562 5.201080241002208
-9.49883773442109 4.516516649714449
