200
4.419670001111667 0.862283829253104
-2.1732017202036804 8.460418497009588
-1.7253070055065567 7.793406178625957
-2.444878935150787 2.5676262255375755
1.2981433914885343 3.7559392546961394
8.965351362675566 -2.2556883520307864
5.668977820722114 1.2820415247227146
2.8130690956518762 0.7736555854652695
0.13742770649282088 3.1677729777052095
-2.327076291133557 1.6820653839110333
5.681977966788172 0.26201878383132843
1.9605026231286717 5.265691206475919
3.5617880790778815 -0.1805435889760203
9.17872397391773 -2.875312186681926
-1.8287336775170178 6.728768851325549
0.3257530529109318 2.9227612455830485
2.5931033270428263 1.223633128930825
-1.4969647121049277 7.91338014865662
-0.3278885990263407 4.6740131318690095
0.2504313870399013 4.345343644085301
8.437052517103023 -1.3622533917382849
8.920517104186514 -2.5554540196320525
9.184822684234609 -1.5150314541118055
1.2267242398672162 3.6205107360070103
6.926126240135269 0.026339047418138528
1.11676879734155 2.452560608457371
-0.695024773890001 8.391259330566399
3.9617833413240318 1.653247249530268
5.312665881705277 0.1609469452172
5.355577612114903 -0.31481919371022693
9.16449544947793 -1.421656533402289
3.5493146897741337 1.622499386558245
9.891857591942667 -3.2782741356390996
-0.3887460739535151 5.864407643633822
0.4383017203257342 4.016144798215957
-1.8989471821095125 6.662320553399583
9.351435184192471 -1.8648066796818106
-0.7673673676812967 2.9879232544412755
-2.169631744560978 2.366242439132962
9.806361675646118 -2.699745453395288
1.3662869733891159 2.425715622417164
2.0636675380095344 2.3263600550626053
1.1986654242244439 1.741225041482846
-0.7987608867478317 3.1716568334861646
0.26604148044240483 2.7191501528692483
-2.48089338630185 7.88606961100186
2.17153333707258 4.139660716435749
0.9537242958755712 4.646452823872724
8.347371002667904 -2.581003424385
7.007763734112634 1.2599399466270742
10.128062729473394 -2.6938782665655556
6.579979460944735 0.8498703820990983
-2.1227078708606575 2.256731430405911
1.7071446800555679 2.3770746427214107
5.874096746973365 0.9729678160828539
-2.1993431809733734 7.4300069322026445
2.2938580607977226 1.9587723772875612
8.72298512119764 -3.3024315459597418
0.7270280528445969 4.348719601232187
-2.041798735488218 1.1391597395535813
7.868542743270411 -1.9704220540397135
1.038879522644291 1.6731810264643459
6.288332983935427 0.3997583146459651
-0.929018698234046 5.617385810500274
-1.8222494835758603 2.7263789192723817
2.156797195595774 1.2192551506936982
-0.025966209493445858 4.925779612113918
-2.797279619423356 7.986482893076657
7.15300870741934 0.7092805994479559
1.1182109923494974 3.9823625784817804
2.372072891562194 0.023214452953532194
5.2231856225281375 -0.5723347839831741
9.871005877384292 -3.2823255876474344
-0.6255952755366998 2.0539370546423843
9.50233016113441 -1.8440945559040849
2.188606317730901 1.405688809451622
9.239518048988124 -2.5606793773963714
1.7327259638543342 1.8756197162438788
0.5685483331451722 3.9533278861594408
5.620313932138119 -0.3245106701179168
-1.2618721058353026 8.138781404085659
-1.3545602368157148 7.597227312120212
6.520839901087161 1.4907798883841474
1.8408648246717736 1.5396287765750531
-2.013011775140372 7.558674595082085
-2.118554410334956 4.152293937658511
-1.546364912741054 2.327457533968572
2.3403606391723994 1.4629221944914954
1.515801392906977 0.9231281065574178
-1.0267188524001554 1.6362361368477245
5.542745926139943 0.7032614792759799
9.223954088344069 -2.417013844517385
0.5676259684913967 3.3592815801504603
-1.0661217741207678 4.8266822038006785
-1.7261086299184405 7.6451226318527885
-2.5146064926142158 8.323763518927358
8.770785162307323 -2.7159913182530757
4.03004937813154 -0.24010707985039415
0.31647407185440524 8.147534673791935
7.145917419623194 -1.8461140039969408
1.5595425282885245 4.406973656054318
1.3313606647428355 4.570726789347804
5.046092171505971 -0.5995696109127808
-1.5814972974816104 4.288556438652616
-0.8314038735839433 7.374829639791141
5.821955072371248 0.7066409296966671
2.202493450033261 5.479274343368618
-1.1230505443738497 8.021204844601815
0.25989682959155447 4.613309325735799
-2.0038127794807505 7.507420261079555
5.601030871455001 -0.031295374391209996
2.546531017709742 1.6354289971911582
-2.579629941631122 2.548614577481356
6.507805772912201 0.3783315309293296
9.828273732172693 -2.458828374001459
6.058854125906328 -0.21660049368557588
-2.3875045019321757 7.440804108951839
5.450776110446934 1.0741850337328986
2.427797473217246 -0.33133128908384224
-2.354298286649477 3.4631578759584243
2.3564079463573817 0.018143027470581163
1.1231476488061927 1.6183248495012865
6.297317959836395 0.8576219606526279
1.8877906261811357 3.315926671165468
0.5591913858065316 7.80165429431308
-0.5764801793400639 3.1714363508730026
-2.410410684764666 2.9596143247419024
0.697940359085573 4.428866502731574
-1.7582053951879335 7.517642564178556
6.486116619643585 0.6250388664033927
9.492868296199738 -3.043901689880868
-1.3029643339873147 2.8393619496187563
1.0294838564530293 4.545764845640215
1.0128768923876519 4.154040247427723
-1.6825449555595244 8.168300052650734
-1.1082826847965024 2.7806451963553243
0.46881240360172416 4.013594394658679
6.447831306969361 0.8629326490359199
-1.6056660327622512 2.387099632243437
-0.8532623528667995 7.742576864414101
-0.7902169541972501 3.1728643836875396
1.1002280191040281 4.6063173431301285
-0.3263905229196542 8.699154889271052
5.865405203125443 -0.7474736867994745
6.393266480939161 0.5809151063271042
1.4996132336477856 0.7779560276758002
-1.495466149983848 6.494656970577613
-1.8100991422246926 1.8179212265987077
-0.05266813915305524 6.179471995630768
8.228033728632333 -1.0046650797898948
1.325009741077551 1.7912766904146191
1.546590658729773 1.4388102958951365
-1.7701826406557664 7.522697315491513
-1.9253299737757494 4.461507904386711
1.5851002586640899 4.4011273406426525
-0.8414395236997524 2.3970617866930053
8.719615331793074 -1.1020679800878073
4.360045121527973 0.19551919182569932
8.726046491830813 -1.0035289865325476
4.476016106107489 0.8877227753741395
5.551755362647532 -0.7152809558627373
1.6678190376340996 3.710055311123236
-0.8291429556787857 7.9061976852773235
-1.89133001603578 2.931865588553168
3.2458692764693575 2.414375000762403
6.349152333703634 -0.6786003318486735
8.205848432898383 -3.40854362812249
8.371794563015191 -2.9157118257763055
-1.558330267803902 1.9834074631401648
9.147121597089534 -0.5257908256458779
0.8622614472683934 1.2491770209495665
0.20368474620264654 3.9871046208822367
11.11638856816774 -3.1791822816616833
9.825109741648417 -1.2896926398324466
4.677273002002582 1.2181367545301107
0.2796323592009896 3.8407075956368577
-1.0147987923438317 1.6243174258844553
-0.6471763365122148 3.442093245911201
-0.9072487901236694 8.37698644366579
1.4393346618766247 1.3290630129713907
2.9982911783605983 0.7537237912880561
8.953695986610287 -2.0351249132064306
-2.872803348971346 9.48705430472905
8.7094949893356 -1.5765610435088497
8.697571699179152 -2.9815640143277076
2.221887503894366 1.6789748891249072
3.593621142617186 2.082075493085476
-0.8978416435347244 2.544746983944368
2.792073777736581 3.140294787769378
-1.6191325544630257 8.220645194660364
-0.9094715722509714 3.576685584504108
0.6664086246201333 4.061945126988122
-2.5611895410006644 3.131522956812469
-0.3148481994998662 4.133595103277215
-1.1346932440895265 7.579997281925518
9.166293962285835 -1.4689745787034352
5.686457824845818 -0.06822039503499588
1.72437233682508 0.2996998107853306
-2.50725242828604 3.5933726424543604
2.5165401747248306 0.731024655475541
