200
2.3619327940909125 1.0401807869268525
1.895487909727728 1.0456860150769443
2.4826712811592815 0.7163093383973818
1.8002927112119864 0.7387549342064178
1.589381764289878 4.891530835408504
0.7072858994361146 4.159966062832173
1.0338875070108462 4.88549673023358
0.62115577949445 3.5114687401588194
2.0021152903980957 0.7785473081772455
0.3241907397600772 4.488900229658699
1.8167419060526746 0.8766367414301184
1.438948715655028 0.9229684576180696
1.126840291008747 3.864027011214712
0.4751519345265246 4.614783469781154
2.0943575085188204 1.1308451318392543
0.6549062128769586 4.02796741634831
1.1530418296720022 0.4886609224836954
2.6418990076625493 1.2386844357224296
2.263693472013981 0.6673484720127104
2.3919200270623326 0.7978802278735573
1.780132477021405 0.4120326987002886
0.44990711434188657 4.1191534855225065
1.4161339169013403 4.565892819737429
0.6683036487683685 4.519487003965117
1.745446889138649 4.89599324402216
0.7219316471949426 4.57436064542699
1.9481741066752913 0.4464591273499341
1.059580069777239 4.694442942041875
1.8788984685158414 0.7855214618641332
0.9915986262341816 1.1401914696816893
0.5070207165008311 5.081235801708107
1.5215641328717764 0.35897665761891473
2.4193390846699145 1.0245509460144577
1.6610632263592175 0.3089296569525021
0.9489734364166426 4.989124416108137
0.5172826175820541 4.128659309550616
1.7784475823191215 1.512214481636256
1.7299218177511968 0.3110939288169312
1.1188166374162558 4.586416594725169
0.837105218816034 4.366326915089982
0.8690687301659429 4.624769885766948
2.364568712393918 0.42411140386060975
1.8634051958296989 1.1458069792753418
0.9649971872110331 4.475120075660557
1.0028769674997622 4.424776086544303
2.1120487867611897 0.7699322930798987
0.4680760791522016 4.691546010711594
1.2429937343202802 1.7234608044816646
1.4514819954874159 4.430564372218329
2.958991101709219 0.8807607992736798
1.5797238183192663 0.6949371182184618
1.2069064051924714 4.220467825217192
1.162535054438679 3.6892898529375007
0.9605569512554968 3.836549928351911
2.117870136619028 0.9905360744180471
0.7719480235189459 3.831534453799425
1.841564458258771 4.838398507222947
0.9804700868348233 5.018135525010724
1.9309130527534892 0.9366237264454502
1.5923254177565365 0.7727467594876595
2.332776782508931 0.8338342846794301
2.837632444733156 1.0537009890131075
0.547969029942278 4.725568018220844
0.8346725140451015 3.7538068100811826
1.929527988492072 4.681579122244555
2.0750655140929144 1.0951983704503194
1.637166174974096 1.3821217758110171
2.2866761205244295 1.0375254427352065
1.4477819070103553 4.23181739312345
0.6984429346539489 4.243933511317322
2.9768342005064548 0.47365733084931794
0.7724092058458336 4.128557606803915
1.2807555990942752 0.9731750986554683
1.9093901036762038 0.9603452020468825
2.0017868975655024 1.328761182328442
2.3697987062764683 0.7110960212435596
1.9922007149673515 1.8003530588572207
1.5326567807387512 1.5609159317852122
0.6510115657287134 3.6132742865157192
1.8158059466636836 0.451304865553779
1.0429394766955067 4.5577999022052325
2.0484593558883017 1.0493243541599695
-0.044925847787136375 4.565234765624535
0.29376200229648997 5.084097485541106
1.7816631623379913 1.5614839784138859
1.723293662717123 4.666205190758544
0.3797670414642528 4.479544007954205
2.0383989409166463 0.7829087829819737
1.9013155977603677 0.9354042956647665
1.8698291315744402 1.0902562494473218
1.1372067350175148 4.029863291072265
0.5761839395906692 3.6858788887373453
0.631779804524614 5.067813308688003
1.4320303523638154 3.8098569993069287
2.0008876411615497 1.352420204979015
2.048994676791856 0.9620349272572261
1.9725060509672891 1.2497352247702498
0.7940570771395578 4.310778991058413
0.9945734854670735 4.2289137874380565
1.7496099518703008 0.32254707041730546
0.7225412410741097 4.158690861053535
2.252764232372553 0.8512220843241902
1.0472405354479961 4.143074952965085
0.8285973433695176 4.208035656418019
0.33071093952331443 4.218691215362803
1.1014971592068556 3.9621490317277
0.5345167427751147 4.32465335915278
0.6180834540690248 4.458548326592095
2.516200147346126 1.3295110967526653
0.6111411883688316 4.750593842686731
2.3541428551147305 0.42208567785644235
1.4683863508375834 4.784739266962155
1.2806851686052925 4.352457334045521
1.2679063034175098 4.3553804917513546
0.777057098269573 5.075600148975184
2.2821836325739455 0.808593619731875
1.3180397013702185 0.7064740583217421
1.9385325763337329 0.5930667752132874
1.672889521235767 0.7592709496581822
1.9790061240003183 0.7397238543245567
1.221901826684927 4.672669996075001
2.2257710137441182 1.1684268739500352
0.8213393515833142 4.1828662272182555
1.7733874110903844 1.2749679499257347
1.376025193659976 1.052575850095962
2.3218207542456435 0.7133757449825155
1.3551708656559942 4.241783290212056
2.0455370716733037 0.6024512962556614
2.312593307458049 0.2694142964845557
1.3190023233075716 4.043377090128331
1.8163410938467328 0.802494968043534
1.134672763611153 3.8665627239561875
0.80220865785784 5.043492818840127
2.26482393096656 0.9330324947558014
0.678368149727119 3.973211911984784
1.723293274606482 3.9128761754978254
0.48609587101442786 4.641532518009009
1.7943040884780699 0.7412823098628964
2.331194787246793 1.4184021517639362
2.714521494315902 0.9633547621328704
1.1538153716446653 4.437257058398097
1.4220921624988452 1.141815411580819
1.3446136080588227 4.431278388625598
0.6279512188737424 4.072247461542624
2.1650740645224538 0.5412976267397256
1.22636265895737 3.662964265205691
0.7065370142835445 4.31651955075813
0.45912731465711565 4.410607675188063
2.16980499698979 1.1412011937281172
2.0110512585398888 1.3057327446242568
1.7943500814588702 0.6891879350174925
0.6133507327931982 4.324565485766845
1.284986299031962 4.633188989033883
1.1855807427591967 4.235168794959491
1.4856431578398652 0.7003357065930592
1.0955653482289174 4.834341686123202
0.851649065695546 4.326253464340288
1.8040324975762463 0.7052528125536217
2.4280068710785994 1.0336496534584416
1.7674257660121608 0.5724664645163059
1.6045371979301806 0.6053925587920068
1.5715709560647348 5.062142997860623
1.7295303573689969 3.7646837029914115
2.3113201318719145 0.2508812422136031
1.9138948219299983 0.2510739844775238
1.6774890190655778 0.7336437826569174
0.6804448799899697 4.920993165611084
1.0382490488252616 4.45505233528926
0.7188227174133388 3.4144260665586192
0.556848892519658 3.7357801525767997
1.931662333814029 0.22726213740594614
2.0080019033814502 0.6255923783391967
2.6010802606738666 0.6218839861179617
1.027034915627943 4.4645830728262705
2.167444203559396 0.5004142155661045
1.2451879813514692 4.466772061944834
1.3560384013167994 4.338807824002466
0.8149992997572232 4.792765355601361
2.6530613392294256 0.06966964993252378
2.21488605968893 -0.21137344263272317
1.5927945487041129 1.2101429006219342
1.3220445580902973 4.006921319285813
2.030616960594619 0.854741549421467
1.4269244473890978 3.8718147241030207
0.9349825378290719 4.468026728223739
0.8108224862425961 4.004805402872087
2.3346503810758126 0.8991720155724445
2.0707197421689534 0.23497761900915526
1.7650285700474442 0.34431807777991463
0.5625729418327092 4.576425134761041
1.8381229310261908 1.0640836784425072
0.9368890687763222 4.038396012903547
1.3529112880577903 1.0780374446603027
2.1672373610501734 0.8584035040807536
2.3984370911498125 1.3541044066009662
2.3318830218609525 1.1755633174003393
1.5739017078095374 4.2217240219420695
1.884171928141538 3.722041057608884
1.356305445556731 4.243244444129311
0.5102101422331524 4.664117922230065
