200
2.2342104259565114 1.693495197950155
-1.0551072359565197 2.638030803291557
1.0827257638987469 4.0627187657234325
-2.601594312387464 7.221955909460232
1.608414628203814 0.40180053674252825
0.9825700909789874 5.375309623791891
-1.7134357162409883 2.9763223610943927
0.44359862996842747 3.1153094465140336
1.7144444869831275 5.025215236719037
1.4137244158530171 4.381177073902836
0.595676822337917 4.086142627856107
2.4304063920491905 -0.06357093342611164
-2.1004710135175717 2.710293195913491
-2.4513822218886805 2.955839457853322
3.2090327373211087 1.7859725347985913
1.869221394823855 5.44132083306674
-1.4670719013811615 7.929482328805013
-1.2576650417076831 7.932016916620528
-1.40889589688253 7.15865321675959
1.5385321104000564 2.0437026317973572
-1.680018407877226 7.347664222509148
-0.8355050743520334 3.5656534165552154
1.8428711746807875 0.07269288388712558
-1.2306589468123923 2.848219897912503
2.6249200055883346 0.9501944047690514
1.781948019322472 0.9081511553529709
-0.42953666588466743 7.421790504911631
1.6385268055940587 0.8078829357413344
1.1605129658095148 1.161298680696659
1.2425880181937505 4.50399192387295
-0.7999427742233711 7.122093042519353
1.1012350653926113 4.889770749338617
-1.43300009044268 3.057190883053288
2.518341852161078 1.3917661523161757
-0.9807966683663503 3.108213190447904
1.8959376071615694 5.185402589388561
-1.1119807625797935 3.3347317475267264
1.4328927136346912 4.376792337344087
0.4389901418302897 4.535928826163947
-1.5128093541217051 7.667246718530889
-0.8622670957083935 6.893085970461523
-1.2852316160035386 7.77107684986689
-0.6071501351565448 7.563428533330762
0.7280986900906466 3.8553144405839355
1.2657230751259654 0.6207128970491115
-2.2402195678923227 2.61379244875391
1.2176750632530244 3.892901272884202
-2.3017901248087815 8.106020692725142
-1.6074481368999418 7.165921824065357
1.0524173341686671 4.544980945515211
-1.2185587857560958 8.131762081410168
-1.2142650873502503 2.572409479445283
-2.154056032910078 3.6445694351427433
-1.3284767105472137 8.482106299227352
2.1061604967802476 3.4951318907629223
-1.4603148240004697 6.865575502450975
-1.593228407561389 3.5299858883626025
1.9961960067776185 0.4995766881206724
-0.04749203582851247 5.474252564587464
2.715063278965146 1.2908218983714956
-2.3540975048401394 7.548675613217302
0.7438739881017237 4.122405677103188
2.423715143640526 1.4509876628778529
1.0161804119763957 4.485270466092259
-1.3626478708949898 7.598550307221524
0.5727938098809244 4.088055430524065
1.6737598744055493 1.3035236369058367
-2.267119266405503 8.067828300878633
-2.3108201242630955 3.9127606691040357
-1.212569398921382 2.97093551355992
2.292871549029865 0.24182675469963344
1.3667863299862164 0.6349716330912765
1.6835378212422856 4.19583242596098
0.34713829950623953 3.451776565141005
-1.9037565490068526 2.62926599025665
-0.7843039883045905 7.125131631525603
-1.5371162615387697 3.145373302666172
-2.6886718967298098 3.0311494194094197
3.1758028976888197 1.441290454903168
2.5693658885744926 0.5070483039578487
-1.4791836602549155 7.892070969231838
0.7343639103625873 5.0372543696778465
2.4586443756403393 1.1421407616826031
-0.1445539946115404 2.2818727677001944
-1.7665734307796304 3.139915794041634
0.00793137001172417 4.1761431593200085
1.8727175224410586 4.180692369188909
2.0406718467935168 0.45484511441452363
-1.1270741640027568 2.6414503888999907
-1.962262440300056 2.0878638880960896
-0.8291814852817486 7.837722549093356
-1.3723979804445332 8.363567362890063
-1.9243512600001962 7.3970533639227
-0.0018489296331316574 4.581456680763854
1.0626962212430218 5.176351431626175
1.5075741861663827 1.5678734327954484
-1.805061598009562 3.2067711455972
-1.6609583413633597 7.107013573785122
2.3381228529390596 3.431167922689131
0.22459286251653932 4.770281540947536
-0.7432770163019684 7.685784867545025
1.8944654988620497 1.379137497415774
3.485154386351243 1.4643513521321851
-1.706742129090016 6.972785131360647
-0.9011428761088232 8.045252689837499
-1.4682690325929921 3.267654469185099
0.7893385592700715 4.3374865327862375
2.6077828157013694 1.0889002517037496
2.6236187020971267 0.8046576040834363
0.45379178903736606 3.956477528589741
-1.3428559844444399 9.189494114020519
-1.4417321152294376 2.726285211046066
-2.0935717667728557 2.6718524454115937
1.3200062101347771 1.404281445778865
1.6690964797331436 -0.43637823139671905
1.0692385339646449 4.530684839209695
-0.6302132865270841 1.6758912463250033
-2.3813405586114245 2.6218903313158064
-1.2250774436420373 6.8414309542484215
0.4883823093198226 3.268017766049384
-1.6710759402598905 8.401416450623291
-1.7123117946501787 1.912279977535137
0.43189105991654975 4.334954564926074
2.4393464370914333 -0.0725099666485638
0.6697869960051712 3.5954080169749427
-2.4766670516229548 3.284109888797446
1.4949317978621983 3.858488315204525
-1.885293654601123 2.7751292234915184
1.2795533755988089 1.0578941815474465
0.9593607415433021 4.56078644976664
-1.9421339218925402 3.839708493880601
2.0143225582380992 1.9256692929275567
-0.35335662827148884 3.1519382549458785
-0.9078816080345486 7.701854955332501
-0.7882578657590986 8.049235706124968
-1.6066323597740788 2.7392077336920857
-0.6891467502775681 8.039439005922352
-1.6586623133884801 8.831190493355518
2.2811228401262555 0.2380231855874202
-0.7335014201707485 8.520121135636138
1.5732217229285732 0.48393379328781655
-1.852620898831936 3.167512289089978
2.1552716186563954 1.2786825220732005
1.5933178767656881 1.2212131747130273
-1.2874762058378273 1.2543266074771326
2.731249074696782 0.24970475491988287
0.9143387674703604 4.550146428611414
2.768085396844259 1.0878292270928467
-2.745314693890802 4.156577978148714
-2.8437591175441947 8.199251730257222
-1.5360492631509188 8.207674994647702
-1.423358192394868 7.37856468855462
1.1641106995370358 3.791329883867355
-1.8846924362922102 2.886341883571395
1.4347218163621993 1.306620370906913
0.2771801740764812 4.844283219620902
-1.6396319347071617 7.522746428260928
-1.5978024402990472 2.509775338935013
-0.8319918831320707 7.739715952753834
1.6115297235980899 1.8234724171819783
-2.3093788451523687 8.048749091287856
2.4012220114018423 0.7726844065911399
2.36923351775193 0.794735861204588
-1.1130131145010322 3.698989999072122
-1.3550977998865377 3.283188562018393
-0.25937481542161456 7.933996668933995
1.6599104892724754 3.5628918352361985
1.8337584186674118 0.754036153392381
3.3532090910012915 1.6995804295997718
-2.220613472315053 3.386601122359119
1.7941753903998956 2.007221897025542
1.255667542384771 3.382041115682056
-1.608473833628898 3.60001707889474
-0.3683085454016437 8.346991179318334
-1.9426689302606623 7.648084664966178
-1.2735586455204977 7.66332770020765
0.33381850564016957 4.936458363607072
0.2723960354779992 5.469960038837965
-1.3589492537959624 2.858992027547348
-0.5555238109539522 4.695958484712606
-0.17131864280739406 2.892527970336737
2.0316978304963804 0.1968075612932184
0.7675227889508035 4.397596708910778
1.3926375177758077 0.9289627074945215
0.670478769495503 4.0409427464816785
-2.014922568744427 2.0380276646516142
-2.3274590960635573 2.1098517578545897
-1.8395622173566406 6.952359011163442
0.2139790794550549 4.885425352343197
-0.7595438812534304 7.870815369150572
1.6506679250384524 0.9167619949025475
1.455138312999139 -0.029198998128630027
1.1900899168511363 4.727731228363559
-1.0799907515563727 7.239585849083846
-1.909366228553243 2.6795191727358443
-1.9183491626541174 2.6833102362205623
-1.2711487747550447 3.32402708235127
1.0037251889273626 4.19147701743289
-1.0835459601117865 7.3009109658442775
1.756448051017495 2.0553828922281285
