52
3.8475456623658837 4.372024858443961
6.7146695453382135 4.047097238736829
3.1675710829323145 3.106020821957948
3.648115096452951 3.5261120596590634
2.123782739910501 2.4640483127068764
3.6874447618612685 1.6499845551012076
5.335682099047035 4.458252534666813
3.4285094839832446 2.178072704167555
4.233824665822043 3.7558952625532127
3.03015695941341 3.4643229426056656
3.184268439198145 3.5861101577739474
4.562328798652389 2.054736986362299
5.275729769268798 3.6169506985548963
4.980918305922202 1.4814645619239388
5.212916581813066 8.698231590280669
8.465210102488324 2.484384988392218
5.519548106595573 2.0075859577788484
1.6493698221885835 5.646361719874815
2.670157387241275 1.7553764795533024
3.037716832778888 2.428623079636295
2.2181362079644265 3.2965285248225635
2.17265594145079 4.514348000807924
5.343060090273544 6.722913748133089
1.3609884312296296 7.365809286887976
3.9225342026523813 5.063814794934987
6.437333563976502 1.420164750016073
4.213405697247122 2.967732868862509
2.1551111537776615 3.507452950976707
4.71952716532884 2.323581983227826
3.4838146588926007 6.87181315488935
2.0922268080539554 5.9651941456179465
9.033282008026976 5.252421787784521
1.1852151866993403 1.491813243734675
4.574334893650409 3.7938060733015435
4.819755656487897 1.9320793796234188
2.465146150701372 4.318632795250158
5.135897530824751 6.095176701172687
5.9030613745129505 2.735282890724668
6.05321608067578 2.850267663994761
4.873208413573225 4.277211763646234
3.5921915347962416 4.237625287666913
2.6759352092348605 1.8084661540968172
3.95707055178282 2.622098010612816
4.249051191645537 3.2451559038592115
3.9938716472925204 4.556024240571943
1.9953480721344627 0.60301472351603
6.862672365831022 2.427164782318413
4.522699519381025 3.560716540777622
6.909764213603502 2.6913449203131155
5.221110581228981 3.708651770758099
50 2
50 4