100
-1.8320009193503606 -4.646115935581194
7.440637919084967 7.345157141508607
-13.284286846004091 -3.8395869424286277
13.434583670336904 7.143338982369358
0.7289486226260349 0.9328695772801008
-13.724018848201862 11.12333516144596
-8.699491581136506 0.7119070700314496
15.722404485183521 -3.378195372118059
-3.2742223743365875 0.2290295581014149
2.5587897987033674 2.7791214565745337
31.96862350975877 -3.4454781736198448
0.4915135533697741 1.0875639503922292
12.45488935279038 -2.7740880857657886
-5.835181116893677 12.464030383591183
2.703731787797039 0.34915097493381736
-6.17369837065287 -18.800787966163654
-0.1811031511351828 0.0333945755553495
-12.915822608537654 1.1454627397555843
12.302554954177804 -6.680103014224043
5.061064169215175 4.529094151361405
0.8131373703261715 -11.096593983997503
-6.493089615705743 -16.40808695673844
-9.597420872344353 -15.404853017426337
13.898546100319212 -6.219160138861505
-9.051109731917103 -19.324797186959845
21.150989576488776 -11.115701349098725
13.442969547500816 1.601166455239046
0.685025043869502 1.66814755608131
-8.679500576870971 2.9377855837118765
21.224941474816813 1.6336735850371915
8.104065017245187 -6.4170055443811265
9.489564441644214 -3.991288788362302
0.6891989886598457 10.070712612982295
1.4523904428949819 -7.213579871133726
10.317392714481215 -1.8243348172816964
3.015441458571905 -14.113766895886426
-17.739346170438036 -6.8406884628928974
-3.999983153150995 14.537980994281883
-9.753860325539792 -2.479109027889291
6.3846313171941365 -5.224936770115802
-13.5563664495481 -11.876410543807939
-2.718778389146123 -11.067811773391812
-5.022681928213004 -17.540058773815442
-6.400929769158164 -8.610505508663973
15.298936583593516 7.3674660303628645
-9.99878443817485 -7.428481127719975
-5.348342447806313 -4.60112857710953
-22.86122616685173 -6.57196396285468
6.578533491427253 17.593164231186456
-8.753756692327059 8.054208332957177
-5.858433415903594 14.973931740522925
-3.8266459798605634 9.87745396803201
1.2549485251835637 9.252612125980095
-1.2038269302138394 6.158633239339645
-0.7036387794995438 15.909932440989653
4.639938528492929 -1.902638408636835
-3.4358092874272463 15.398199830825277
9.30911883863637 -17.187118143249872
-2.565387346683685 6.864819592217901
12.585540956366355 7.486698190311234
-19.484317740272946 -25.705900352320086
16.678913484303187 3.0661071643230526
4.060425831983175 3.27366177976827
5.353475061133186 10.403244594134424
-11.034032069845509 -15.474708176759897
-5.577415494342196 7.080743914683772
-23.167968317693557 5.126952090071403
10.357453167767492 -3.349260427444501
6.788119094838102 -8.146001048320688
11.281431278997186 3.108406461803017
-6.899325687556274 -14.145008263294374
5.677129561794775 -7.05556001227762
11.234813489747374 1.1704280025707074
2.30448883376928 8.775123113429949
-1.4966004464184497 4.372193910775732
-10.376899207197996 -1.6528558610272701
12.306443231202413 -12.041989811015076
6.756867831001907 -2.5712477824093236
5.61246390530898 8.62326294834438
-5.184772713374308 -3.8556429316148417
-7.050551205341441 13.28774307660742
-4.993851961130081 5.56150025433039
11.906890330251223 -2.5778817572091954
-5.169728087302511 -4.133738707607687
4.443964303793118 -16.070913095479625
-12.363802636519718 11.176651689621007
6.405968618101613 16.55639061117559
-3.3053302263126083 11.906546221317086
6.055924142229935 -1.1829914022087467
-0.9578431251516827 3.4501664930356246
13.547357945446661 12.02320647716719
7.748123530288381 17.368367212388968
10.511745957105028 10.000984012916316
4.6304301206772 2.4318078695632823
-2.5261135335606895 -0.10275387140301104
-5.416613826078724 0.09084931061389094
-1.8786573112916838 -9.814377517451737
11.41475840480323 -8.943472828616697
1.775520139554041 -5.3100048627217165
1.0554415860979591 9.534755092482246
