30
-10.827705405723473 -4.4294527795903775
0.09496961850544938 1.9343210174459768
-11.318455516308607 -2.579680095555668
-10.803207860657285 -3.9685460660658864
-5.073119571125894 -7.2627751119312425
-6.525468852496316 -2.3848376297204075
-6.920691440679784 -7.412584372975142
-10.14518077427548 -5.0762718684740875
-2.0464605507647287 3.9456246432410627
-5.932090982141472 -2.0266160620141713
-0.2990365751459947 3.0866203480663246
-8.405654602020071 -7.871929267243535
-5.2680156757971766 -1.9714629615747759
-10.822319743796621 -4.967595317161668
-6.83578360205678 -5.632921940849434
-7.003912877926504 -8.917622880507269
-1.8664737550090424 3.3530597673375153
-5.659279987944972 -3.4464968612623035
-0.6210707507589053 1.6446434325868222
-8.916685364535807 -4.773821978372404
-5.9145913884995895 -3.511485274931267
-1.608903409889808 5.105868125302148
-10.31917819920432 -3.3169219872773814
-1.2767129906800012 4.10724541827027
0.43421421111125635 3.493041587769038
-7.9614721361587435 -6.122282583390749
-7.295084846491677 -9.218382861525848
-7.64581761007315 -3.5079967260344977
-8.915803638941746 -3.350355340680963
-7.180073301642565 -1.5853436728590993
