20
7.832623154781133 -8.524632900413247
6.005624982202554 -8.955727953805656
7.166770921336292 -10.2248558178704
8.053241737988435 -4.16958651086888
4.510152369299471 -9.917034206879451
7.925717879713837 -3.500019236679206
9.332565003363955 -3.7473081366821686
7.957218378810779 -3.2441677708632914
5.896630797320199 -10.499735427404682
10.22535553025747 -2.8187638690161796
7.671114164522112 -9.633731863501717
7.1961053177502174 -8.31727839685912
6.5275797519987035 -9.185828500729214
8.871560382094682 -4.72308779974365
5.619100442254954 -2.538477524864156
8.176530776795133 -1.729072611547432
6.261676523080601 -8.68528791246671
8.428005837571165 -2.6308143908929926
5.203754237305796 -9.583336254797203
7.554909575272013 -2.246439835073373
