50
-3.1246134629196356 -2.109559807224382
-0.13878197562822647 2.8831117513085482
-5.895241487431134 0.5147560944606369
-0.6263728902118435 5.268734427986576
0.27014599938626016 3.427213477751792
-3.089048068477963 -1.40036868594897
0.011250433270788562 1.1391024858887584
0.5706196021830781 1.984030156170272
-1.01314875580255 4.971300767699811
-5.025314609630755 0.4048231856595381
1.0785001042125844 3.6571096841109823
-1.7943641579792482 3.8282541213045254
2.873643495334747 4.458851786395736
2.4209305001883443 3.9980636613609697
-4.900290747356994 0.07973418660249987
-5.463068815001221 1.340725161254278
-4.281581394473077 0.9221590018215066
-5.381900447025133 0.6881711465947609
-4.000576204111703 1.6764049618303125
-0.5391961097034121 3.379935313376634
-4.428673570688925 2.434858393210679
0.9611853402715989 3.566433914412717
0.9125311996384344 3.3792056063322864
2.2439173443142093 2.786621914722751
1.9472783844982227 6.633094931269974
-3.990723093288011 -1.1136919884673953
0.6692227983485104 3.7195077282758624
-5.926609600041957 1.9561307386342697
2.1176056042509215 6.299922781928281
-4.935511601750136 -2.1765379503040077
-3.6344719576410105 2.6402751794538784
2.4011924264102498 5.56219477151071
-4.375038786615223 2.4285862330704386
-3.414308862048496 -0.8308382369246072
-2.3224763067504384 -1.181323751547196
-0.46535010728370696 3.9058940780839193
-4.212035809330151 -0.8942696683629261
-3.3330657219592292 -0.8527443568715913
-3.57716978724045 1.061822603782088
1.797514259195046 3.9623147483784407
-0.2637733734165759 3.271714952222034
-4.920753644848457 -0.42896960578233223
0.05491261359247168 3.8754180495146717
-2.871720831433294 1.8837243782563686
2.282437353849627 5.228953753554783
0.3342581169670962 2.2298598078833853
-0.07639482071136516 4.200098721563366
-7.826577411482003 -0.9982485242625014
-3.3779511209964648 0.5279104873605529
-4.557162814890551 2.914238781524409
