50
16.9 16.75
18.55 16.55
19.85 15.7
20.65 14.3
20.4 12.65
19.6 11.6
18.55 10.35
18.2 8.7
19.95 7.4
21.25 6.8
24.5 15.85
25.35 14.6
25.25 13.25
24.45 12.1
23.75 10.5
23.9 9.15
25.25 8.15
26.75 7.3
28.6 6.6
30.2 6.3
16.25 16.1
18.65 15.25
15.35 12.15
14.4 14.75
17.9 13.65
16 10.05
16.15 6.7
11.55 8.35
12.8 10
12.6 12.5
16.05 13.7
18.15 11.85
19.35 6.45
15 8
14.7 10.85
14.35 12.7
26.1 10.2
26.45 11.6
29.55 9.9
28.25 9.35
28.75 12.65
27.55 14.75
27.2 16.95
26.4 16.5
30 15.65
29.9 14.45
32.95 12.8
31.4 11.3
32.1 8.45
29.45 8.3