50
1.5155865144222784 0.16485375075250963
0.48032539893287196 0.10615699071279439
0.5856819913949911 0.162109423741438
0.33198743972204325 0.04125812800643258
0.18358934082372302 1.1891871770390234
0.5034810995482875 0.5604643372153923
0.9594217815177775 0.9672045663733302
0.6501324752417486 0.8844638456590648
0.15896552899700578 0.7563355828072209
0.6924678052070439 0.10670589819771337
0.39101411238771844 1.087406024300026
1.7754792123266312 0.03785943664283864
0.074140929030305 0.07042604269338892
0.505704667607678 0.004162984818713911
0.26610612284730495 1.477665027035545
0.15768730169060707 0.17888828262740475
0.1433394121214404 0.1549800694777792
0.2979542800003907 0.2579555288307871
1.3581153953240683 1.5158677394284128
0.017038155182734327 0.22537007026985245
0.42423943810952536 0.3898280377198571
0.16969519755769857 0.2557773138446753
0.6884028616172493 0.17500694828933905
0.005353909067760121 0.01816879308533692
0.0412134084797644 0.0030579273424351516
0.7330243607381399 6.001536375222764
0.03252994451930791 2.481092491336103
0.015140582313312612 0.24892479357549058
0.9539429591443864 0.15882711463981103
0.09175347076714746 0.19223026213537464
1.1372974031769072 0.43411228304112015
0.2504121721869237 0.05208857856838511
3.1687447251157694 0.21421252891364762
0.08020503745248142 0.3701978433595401
0.2617252031583235 0.690487919719456
0.5181871535525058 1.0288558971949842
0.16694017303379782 0.13827836866002285
0.21123865435218492 0.2151311223679555
0.29364939910938626 0.09852841450873107
0.16773525573474535 1.5298509083907512
0.0013710172905416762 0.011457534836588179
0.9142026659697988 0.29093381808817353
0.44276088542099123 0.07928902679725658
0.12790968767217503 0.4170379284168446
0.04101932065027025 0.02256967870065929
0.14093749691094626 0.27596124076983997
0.08181788790209454 0.18304222579072782
5.233438782134107 0.6699009445075046
2.563158709819026 0.014089771485031655
0.3971265326955238 0.08697951073471533
