100
4.480988104146039 4.581098690008101
3.356098619449953 3.0016422246258463
2.349542436110339 3.2534559301063455
5.415855311517355 3.130983732620348
5.420245120279592 6.178876308796617
3.5822225284112883 3.5576000501629004
1.6213693286253106 1.006677801124345
1.7400213254601473 5.0491661928051945
2.741524297206829 4.186063418548369
4.968938157314337 0.8250707475396126
5.548862926977009 1.68945079069645
4.699347429211146 5.849234373812905
0.8393508549016804 5.3207162443724245
5.004930014942064 5.059565993924377
2.6843641122039 1.807587995610496
3.921106225811722 5.993501898529234
4.854037854829728 4.190772496204045
2.1274175505179675 1.62680284951578
5.122959006023004 4.43959914233253
4.58927703887472 1.3685502279968034
6.085131101329905 3.2430890089712916
6.851787078229004 4.952540437226069
3.1753112732884183 3.966448649042837
0.4042849552285076 1.6987097553763875
3.603283422319536 4.497540239721511
0.49596186726711855 5.287705144038726
3.6541034337700307 3.388057585299536
3.4552590748490437 1.388026581491342
2.577058108247889 4.113076709923244
5.853200765146603 1.8226279837347534
5.307334054568395 7.003118377262625
3.9674780161094554 5.804904321390265
3.6000236600992075 6.957488907386283
2.05307959813794 5.252258855322378
3.4983737025855044 4.463753969968909
1.5234257766985178 3.1409230003806905
3.4617835235084504 1.2105818684935057
7.003302100000342 3.4269412178618177
3.0301137389282786 2.1406122551077136
3.7965708565123264 6.075007256577006
1.5982302627467517 0.6321608460578974
0.5321670801709125 1.7989111026991447
2.4478336966764194 1.3230217295310485
5.865558839398315 0.3703557620680288
2.11616701579886 1.4045883472750236
0.2622956514510574 3.880912527416415
2.657260505852522 4.232871617012072
1.9052435490890698 2.2046892796178836
2.2654197856028047 1.921375194313911
4.911805031746378 2.2645285619706477
3.2917223868601404 1.0008068814795488
0.5159299711598326 2.608548447187261
6.063988758617723 1.1549934746440673
7.750908233908805 5.557726113624585
4.274276448921235 4.40631950691501
3.4307617081486637 3.0145846046071445
2.812099926467095 4.536513808570214
1.55757022436732 4.619025590498179
2.629817156334989 4.268894383568495
4.876200960364091 6.948088681640865
0.9869735252329501 1.6418857086875578
5.724176875048022 0.5519121004776443
5.7054917253286135 2.808651460830808
4.412249200214152 1.0822337320277307
4.886508300040347 4.087411178609665
2.385689799240306 3.067665000073462
3.3087546789502698 5.590180135524568
1.1740413719323723 2.836130556769209
2.606622477213106 3.7522902116668537
3.40463643980088 2.434805675539553
5.944705739840668 1.1954189232631691
5.093667090604352 2.710947603273367
1.6254896052615728 3.5412227536395777
2.920258802739251 2.8180257968267006
0.9456629199401403 2.839694585723463
10.557560514442303 4.783284718134162
6.251180202316803 4.882530988294173
3.450662490195611 2.1755259267750886
3.0257193195572762 2.1390320617371206
0.7813742305064697 5.335777530569005
1.4361874160839634 3.9815825513275436
3.1144716506710735 4.649217352353503
0.9014350801529574 4.902017541995334
4.146476725717799 5.018146006799606
5.826002819915109 5.185750710692023
3.265048462081809 3.4638776559909146
1.6362509932444764 3.7872334173016404
7.043389453250533 1.7405479776759138
1.2159946531842274 3.5601280874300554
5.316564985591803 6.225326039714863
2.4091087983874955 3.1521840416958864
1.5732025026667409 4.858452429786615
3.130122655270492 4.541931753484362
3.3274157790622576 4.249372686121951
0.4258439556804583 3.529062398430644
0.9528500065591002 2.730405938615832
2.8804348920196037 3.2935521228444755
1.3430023000537772 4.067003550535319
2.7524003368351915 3.918709922436241
2.2806741544198683 1.2681740867622626
