52
9.85 15.85
8.6 14.8
7.9 16.2
7.1 14.6
8.4 13.4
6.7 12.6
8.95 11.85
10.1 13.5
10.75 12.45
11.3 14.45
11.1 17
9.65 17.2
10.1 14.8
11.65 15.75
12.5 13.95
11.95 13
12.1 11.75
10.65 11
12.65 10.55
13.55 12.15
14.2 13.5
13.25 15.35
14.05 16.75
14.85 15.15
12.2 17.1
16.35 10.45
16.8 9.1
16.95 7.65
18.85 7.8
18.35 9.25
20.6 9.4
21.1 8.5
19.85 7.6
18.6 6
19.45 4.95
21.1 6.4
23.15 8
23.9 6.7
22.3 6.3
22.3 5.25
21.15 4.3
19.65 6.4
21.8 7.25
23 9.55
24.2 8.7
24.6 7.8
24.65 6.55
23.85 5.35
23.2 4.4
19.85 3.75
20.55 5.8
22.25 3.45