76
22.75 12.65
23.15 11.35
22.75 10.1
21.6 8.95
20.5 7.95
18.95 7.25
17.95 6.15
17.85 4.85
18.6 4.05
19.8 3.55
21.6 3.35
23.35 3.65
24.6 5.15
25.5 6.65
25.7 8.7
25.65 10.15
25 12.2
23.9 13.45
22.4 14.2
11.1 4.85
10.55 5.7
10.1 7.15
10.45 8.25
11.6 9.45
12.75 10.3
14 11.1
14.9 11.8
15.85 13.3
15.55 15.2
13.25 16.05
11.5 16.05
9.8 15.7
8.7 15.05
7.85 13.6
7.45 12.45
7.25 10.85
7.5 9.1
7.95 7.5
8.8 6.5
9.65 5.3
14.3 15.55
10.45 14.05
9.6 12.25
8.95 10.3
11.9 11.4
12.75 13.3
15.8 14.5
13.5 13.95
11.85 14.8
11.2 12.4
13.7 12.4
15.15 13.95
13.1 15
10.6 10.4
9.55 9
8.25 11.5
9 13.35
11.2 13.5
8.4 8.75
19.4 5.95
19.8 4.8
20.5 6.8
21.3 5.35
23.05 6.05
22.25 7.8
24.2 8.8
24.5 10.85
23.95 12.15
23.2 8.65
24.2 7.75
23.35 7.15
22 6.55
22.7 4.75
21.75 4.15
24.1 6.3
23.975 9.9