70
1.85 12.1
3.4 11.5
3.75 10.35
5.4 11.35
5.45 13
5.3 13.95
5.85 14.55
6.5 15.3
6.9 16.1
6.8 16.8
7.4 17.15
7.95 16.6
8.55 17.15
8.75 18.1
9.4 18.35
9.55 16.7
10.2 15.7
9.05 15.2
8.7 16.05
7.9 15.8
8.3 14.5
7.35 14.3
7.2 13.35
6.4 13.8
5.7 12.45
6.575 12.4
7.95 12.4
8.35 13.15
9.7 13.05
9.3 14.45
10.35 17.65
7.8 17.9
7.55 18.6
6.35 17.7
5.85 18.35
5.85 16.4
5.1 15.55
4.1 14.4
3.15 14.7
3 15.65
2.85 17.5
4 17.4
4.9 17.25
4.8 18.8
4.35 16.4
4.2 13.4
3.65 12.7
4.5 12.15
1.75 13.4
10.35 16.4
11 15.35
10.35 14.2
11.25 16.65
11.65 17.4
12.75 17.2
13.5 13.3
12.15 12.5
10.9 11.9
9.65 10.75
7.75 11.15
6.45 10.4
8.85 11.65
8.65 9.95
10.275 9.8
11.85 9.95
10.775 10.8
11.5 13.75
12.55 15.1
13.8 14.75
12.55 18.3