200
0.9597283158921225 0.8634869011208253
0.604612426082882 0.8968128701452165
1.003274693975419 0.9894037316145108
1.0590460111413158 0.6411618134512882
1.0352775893989075 1.09209613901086
1.159517584539679 0.9651672533764618
1.0810641805672494 0.9727171041527726
0.6989610652817206 0.8576667925573046
0.9901621255884564 1.205627880316267
0.7740045586688916 0.9211068819983241
0.8393353917219387 0.9245223906831835
0.8834947754437367 0.9139962855184257
0.975538403494966 0.9203682485338188
0.781035874453382 1.032034778547957
0.790727734025231 0.9439953038000111
0.8622383748247584 1.0801026563274545
1.1519217912510638 1.026253445759093
0.9619146838933544 0.9912999348972736
0.9152347601126645 0.8294721956981901
0.8428721093339764 0.8729628558607944
0.9551686379054194 1.0700462422683488
1.0069444532636136 0.757489176332308
0.7911940332822239 0.8200172940187268
1.0288901567866782 0.9093641220810129
0.9964392635192884 1.1268268742338263
1.0766298257554145 0.8318362163670859
0.8417524277146063 0.975993286108707
0.957884929343653 0.9717208790325697
0.8733130081098266 1.1018227394967344
0.6527845340922298 0.9053993477139594
0.581953684560775 0.8966352944287189
1.244041109715723 0.9130876624018154
1.0707855753028168 1.1236027806599815
0.6684696338756302 1.0656011940168508
0.9956884910256183 0.9798704589733408
1.2133808171126441 0.8969812913622077
1.153512001180571 0.8974706190947086
0.9022007590018161 0.6378008423361919
0.9406991605984566 0.9178510093673201
1.1650577811260074 0.8238972898311195
0.9952652820934308 0.8310376536422669
0.737638398561735 1.0159333191257451
0.7554148038039687 1.0775194603592757
0.9314394186721519 1.0950215995737491
0.9205747785586295 1.0456163212376275
1.0566039139795778 1.0979337497675354
0.9941427821940778 0.9826880087142146
1.0235963879091179 1.0926272656376088
1.0813622087306407 1.1452679785358855
0.8420767262902763 0.7863553235304864
0.9876470907380779 1.0451181686733253
0.9015950032984694 0.813139379299569
1.00265565486157 1.008176517298124
0.5543576300597989 0.7905935118606842
1.0438183761119832 0.9391844236368334
0.9565163724725317 1.0129116993302798
0.7239924906717689 0.9911427525078776
1.070519723384143 1.1076753827100791
1.0246730944994413 1.061958750370193
0.9850216650170317 1.1606502020572915
0.9793018828427914 0.6733897301938324
0.8883846383553357 0.9398861053104538
0.9776339402706312 0.9805102559601094
0.9728508662192398 0.9260928445986163
1.0190739175062489 1.0638777293317896
1.0655652607526662 1.0438773087374535
1.0607898164374556 0.7465011940879482
1.033291404381593 0.9439039190398522
0.9419158861863413 0.7878995968851897
1.0677480478286698 1.090599472114955
0.9045951963638 0.9226253136443942
0.8439948477876145 1.1648304728954055
1.0493114359585987 0.9139707820560166
0.9811605059524963 0.870883546221524
1.0127289947285079 0.9541924942832981
0.8639438964437478 1.000084688834678
0.8438899459503673 0.531351295894382
0.763048120315947 1.0757601616729455
1.251690745339743 0.9565530994750184
1.0931332203318054 1.0074851723604645
1.1915936960695888 0.8274115907964462
0.9133588562194463 0.7931202624283614
1.0813654306718272 0.8644342374215608
0.7702798196438735 0.8318677067977486
1.0094286245836384 0.9372477669937448
1.1270564330567285 1.1086388524187314
1.0045907966508543 0.9909534312603323
0.8157729175151135 0.8157953847455541
0.9898313605542751 0.9058352518386585
1.1105303574026255 1.0133210370846304
0.721412914670159 1.0465882050829853
1.1129116202089122 0.7552308211749577
1.039251039909648 1.0204125812748717
1.13009153271611 0.8929807691025775
0.934605930529115 1.0101424960159016
1.0599075871524863 0.6709921423478182
0.8587688084752929 0.9898260370623521
0.9523474218211683 0.8024122028427247
0.8295882522580525 0.9625568241385607
1.1435919467879627 1.1142245860152717
1.1359103359475662 1.1237417695282188
0.828916857167231 0.8844834350867496
1.1000007199347435 0.9226212132573013
0.884251643208003 1.1509427597418296
0.9949617582219772 0.8110642967253544
0.9628187910652524 0.8918034810346652
0.921379825772197 0.9721877868951739
0.9734137161325269 0.6392009465047317
1.1175581341545184 1.0663181872489098
1.091470211491083 0.9402959332935945
1.090660639154927 1.0558286723066572
1.0201456376238887 1.0300913045425506
1.1028222531840282 0.877780849381801
1.0601561164613866 0.9050610325727699
0.7636385679241726 0.793733709034974
0.9405854729155294 0.895484738420142
0.996178767175764 0.9705498483698387
1.0904829558836853 0.9185162407407076
0.8663777199376228 0.6205153131837984
0.8473632608181182 0.9406725643981821
0.8154831898854892 0.9017074954307199
0.6122677339453165 0.9927583788071986
0.8459624736498895 0.8571089886207339
1.031527723532883 1.2200810155056327
0.8215286463604 0.9150182992895309
0.7981926922730322 1.0493560732860088
0.9898336754225628 1.0178302461899162
0.8378370450968796 1.0394647384567641
0.8772150413407203 0.9190138953333457
0.8287545176718043 1.0932764603946086
0.7754380269975997 0.7681877438318397
1.0463505729198457 0.7189354395580204
0.9376209938870136 0.8207969428747722
0.7415511733955442 0.9127800231085321
1.1678393302006511 0.8037021706731353
0.9821141419334193 0.9697630065462126
0.7422587101332707 0.9557498832991823
1.0626563006535628 0.9266513108415034
1.0956099063197202 0.6760114633794477
0.9501754754439308 1.0892609622069516
0.6530110603098255 0.9767215407663171
1.0389039994247762 0.6215693155266315
0.4880970941489329 0.7165360666376763
0.5738007913690808 0.7272423164837448
0.9531705620696743 0.9410446746616421
0.8953962313896812 1.0136702930326007
0.8095516861817995 0.9835657227683267
1.0710720434473566 1.0237293446268088
0.7928178010922742 0.8960266491940637
1.0545244398449434 1.0209954726030384
0.7881674174425438 1.229783740209894
0.6909137208630294 0.8778429338286629
0.98758752117708 1.1059396964579835
0.912089162195643 0.837734593483471
0.9451739659747963 1.1548719254454325
1.0782140140833893 0.8887968944941148
0.9560092841999392 0.9211478049745038
0.9513031250894283 1.082004588770703
1.0906145203264734 0.9949033137980744
0.9497040229479049 0.8616074543643086
0.9015196544315861 1.0273545317011017
0.9494564772466819 1.0438571265260337
1.0956270273812185 0.9154582146758055
1.0831043623327574 1.0582694091101237
0.7201571463278307 0.9860598549701834
1.1554927875720018 0.8410282916550451
1.0140336580814713 0.926055576201662
0.8143910701021279 1.0691671246906163
0.7485875570636414 0.8384952101724614
1.126569021947426 0.8868315403459434
0.9625595648860864 0.925983624112555
1.0734845275601763 0.8898113282008259
1.0104391145691571 1.0038018496665662
0.9748983682934387 1.1386624271362478
0.8810053859638076 1.0470491122253307
0.7531634997451034 0.782092967468648
1.025510918266802 0.8627729255104738
0.8231723327836898 0.9880996081034994
0.915339924604006 1.0649726666836814
0.9772542991580331 1.039646805589785
1.0933961707565953 1.0167488252871586
1.0218568172183942 1.17559019958308
1.0647703037617986 0.8392230254091876
0.9511257923689734 0.8361562526201322
1.1009447047131127 1.055320907385374
0.938824175780659 1.121066238804025
0.7365992883027375 0.7160430820707622
0.8789857421958449 0.765472785860122
0.968039937730756 1.2526345257122855
1.0769912246547086 0.7409024052307359
0.6985503306579701 1.0807223362535763
0.8190695602762637 0.9702940144978842
1.112409793080564 0.7995539594737262
0.6292818726428551 1.0575967539831599
1.0808601027297349 1.2173084617236831
0.7918734075170242 1.0448078241709524
0.8085881188695492 0.9065141845553575
0.845958585553679 1.0373574432662485
1.1521316407068005 0.8064419854279067
0.7927411264355534 0.9143843141975164
